energy xsect  error target back
72.5   25.3   2.2   20     3.8
84.8   37.3   1.0   20     4.3
95.1   50.3   1.8   20     4.6
107.9  71.4   1.3   20     4.9
121.0  97.6   2.1   20     5.2
134.4  131.2  1.7   20     5.6
147.8  167.7  1.2   20     5.9
161.1  192.0  3.1   20     6.2
174.5  203.7  3.3   20     6.5
188.1  194.2  1.5   20     6.8
201.7  178.3  1.5   20     7.1
215.7  156.8  1.0   20     7.4
229.3  134.0  0.9   20     7.6
243.1  113.9  0.8   20     7.8
257.0  96.2   1.1   20     8.0
270.8  84.3   0.6   20     8.2
284.8  73.8   0.5   20     8.3
299.0  64.7   0.4   20     8.5
313.0  57.4   0.4   20     8.6
327.0  51.0   0.3   20     "NA"
341.2  45.8   0.3   20     "NA"
355.2  41.4   0.3   20     "NA"
369.4  37.8   0.3   20     "NA"
96.9   52.8   2.6   10     4.6
109.7  75.2   1.8   10     5.0
122.6  103.7  1.9   10     5.3
136.0  139.6  2.1   10     5.6
149.4  173.2  1.5   10     5.9
162.7  198.3  1.7   10     6.2
169.4  204.3  1.5   10     6.4
175.9  204.7  1.6   10     6.5
182.9  203.1  1.3   10     6.7
189.7  194.3  1.5   10     6.8
196.5  188.3  1.2   10     7.0
203.3  174.7  1.4   10     7.1
217.2  154.8  1.3   10     7.4
230.9  131.9  1.1   10     7.6
244.6  111.9  0.9   10     7.8
258.5  96.6   0.8   10     8.0
272.3  84.1   0.7   10     8.2

