25.03
15.96
21.73
19.59
64.82
48.51
66.78
16.13
12.61
144.11
13.93
104.42
43.91
15.00
15.98
174.84
38.85
21.31
78.09
12.24
103.37
15.88
61.59
11.37
17.12
30.35
74.82
19.19
25.14
68.79
16.11
54.24
11.85
14.60
195.56
25.71
20.86
15.02
14.40
18.40
169.92
10.24
23.95
40.76
16.73
72.45
15.18
30.50
22.32
12.43
32.17
15.19
21.24
150.73
10.33
11.60
27.47
27.48
32.21
11.75
60.88
28.32
15.21
148.63
133.64
10.14
29.44
77.38
22.91
102.57
38.20
28.75
57.16
69.97
15.73
73.53
13.27
135.61
115.60
31.40
28.56
46.79
10.92
65.39
35.91
12.71
10.75
14.99
75.92
11.73
95.62
20.02
72.73
13.85
102.12
19.70
12.13
17.54
47.78
45.41
11.84
23.32
41.77
26.00
25.86
24.57
83.65
95.08
171.26
14.83
18.63
13.70
19.75
15.31
23.54
20.63
15.11
73.79
124.82
11.70
11.64
18.62
19.61
15.13
39.37
14.72
26.02
10.77
15.15
39.32
11.72
13.81
11.49
69.39
23.75
24.53
11.86
10.14
61.57
17.56
60.70
26.54
12.97
51.36
12.39
88.26
27.97
26.52
16.68
178.05
20.51
43.72
11.55
46.59
10.44
52.38
10.57
197.36
11.51
14.72
128.89
50.23
10.78
63.58
15.53
18.55
22.11
51.03
10.58
13.14
17.39
58.58
31.79
123.53
52.26
62.29
22.75
86.66
17.02
148.26
27.76
24.27
24.18
26.87
48.73
12.93
149.61
113.44
21.80
11.74
100.24
42.01
18.97
51.77
22.61
45.91
29.09
17.50
44.40
120.91
27.28
102.19
18.64
13.98
48.49
19.47
61.88
25.40
34.28
105.87
15.41
13.60
13.04
12.34
73.33
22.94
10.09
74.74
156.17
17.60
14.63
161.11
77.11
12.59
10.33
63.33
26.20
15.36
32.10
16.99
12.17
97.23
14.73
23.66
60.11
29.74
10.35
34.12
67.71
106.71
11.60
23.32
41.37
89.13
26.53
37.56
13.22
14.57
12.18
13.69
33.20
29.55
13.09
182.53
11.79
66.89
116.18
26.61
158.29
30.27
17.36
10.72
154.59
115.03
16.46
198.20
24.28
10.99
11.80
74.84
44.47
58.99
14.29
20.28
44.92
140.25
11.03
14.26
55.36
10.55
12.86
166.55
86.52
41.64
29.49
13.41
11.25
10.89
84.25
67.29
26.33
17.10
34.93
68.77
67.52
46.59
22.63
11.93
114.02
16.64
23.91
28.35
15.09
36.89
65.06
16.02
18.04
15.14
21.76
25.68
67.42
14.10
30.16
15.22
14.12
10.86
10.78
164.40
14.17
123.57
12.24
10.96
30.32
16.08
11.87
34.15
17.22
19.82
46.32
14.01
33.21
76.03
143.89
11.78
89.09
12.50
20.97
16.21
31.38
20.59
60.43
83.22
134.78
31.34
69.83
19.81
112.00
53.88
35.14
150.56
44.16
93.21
11.64
17.46
13.77
10.07
12.80
17.45
133.92
38.90
44.23
36.80
10.91
22.90
10.45
38.49
16.94
14.52
73.44
30.68
20.81
18.89
66.62
25.64
32.02
22.08
22.33
77.61
18.82
10.52
41.23
20.77
50.08
157.32
15.11
10.13
16.18
152.40
15.72
10.12
26.99
44.54
12.56
85.59
11.68
128.15
74.14
12.89
152.67
10.87
35.89
68.73
52.65
24.53
36.14
91.27
14.27
106.44
80.99
10.83
97.47
14.90
35.28
14.69
12.40
32.91
14.47
14.29
68.60
10.30
23.40
79.17
29.84
22.86
23.87
12.99
35.70
10.74
17.51
27.65
15.69
33.90
17.22
24.88
47.89
21.55
36.43
14.57
12.28
97.62
12.31
94.96
41.62
21.65
152.21
71.54
14.55
80.28
10.82
168.81
23.70
44.00
56.45
28.64
15.50
21.07
13.97
16.49
17.89
13.55
17.41
175.02
133.55
12.35
28.55
128.18
34.75
73.32
184.08
149.51
74.14
56.84
15.87
21.15
10.17
83.09
16.31
13.35
38.07
45.95
13.40
28.73
189.45
33.84
10.62
146.75
84.96
32.04
11.70
29.90
42.17
14.61
123.46
100.85
161.44
10.93
24.99
13.92
105.09
14.34
16.34
16.52
19.41
21.17
20.28
166.27
112.05
28.03
27.68
35.74
10.49
23.70
73.55
10.47
12.91
16.61
131.20
11.01
16.33
12.91
10.62
14.97
31.08
18.41
28.33
18.04
22.27
11.36
20.98
25.34
17.44
12.54
22.35
14.98
12.66
73.35
12.50
12.15
31.46
21.60
58.15
21.99
38.24
22.61
54.36
46.78
91.87
164.36
174.69
32.95
14.60
10.71
10.71
98.41
27.41
20.40
34.25
17.48
12.39
12.49
134.48
23.64
11.90
184.06
21.60
48.70
28.04
15.02
17.27
43.06
12.01
19.63
29.89
88.33
45.27
12.80
11.35
50.72
53.46
16.87
20.19
16.85
32.83
23.15
19.96
91.38
178.04
16.26
12.59
53.26
17.15
25.45
187.04
14.12
16.94
38.12
49.71
20.66
62.17
33.17
19.97
34.36
32.39
55.37
38.25
40.38
17.63
194.08
17.90
29.34
12.45
47.03
88.89
30.27
20.26
12.22
19.23
41.62
16.81
17.38
45.80
95.49
19.61
147.17
61.10
12.41
39.74
12.45
50.15
109.99
11.42
30.37
67.19
12.24
15.52
15.75
55.63
108.55
125.16
11.78
10.95
190.95
54.45
11.30
13.06
15.86
11.69
32.71
81.56
49.64
15.32
20.68
17.17
40.00
71.49
33.12
13.42
48.01
28.09
26.51
41.44
16.94
14.84
48.60
17.64
19.23
43.67
69.38
19.43
12.04
68.03
70.62
11.11
51.61
29.64
74.43
177.03
16.39
27.87
18.54
49.79
19.46
14.58
13.75
10.20
42.81
14.73
30.65
11.22
13.21
29.00
15.84
25.18
16.36
22.17
12.17
31.41
43.84
42.99
21.99
13.88
18.76
20.46
10.31
35.66
177.86
31.88
190.60
46.89
29.67
196.21
143.76
10.78
11.56
115.73
13.95
13.29
73.85
42.56
14.13
100.37
18.99
34.51
16.66
64.39
18.83
169.95
23.67
26.87
50.82
10.39
93.37
54.20
24.37
183.66
11.72
32.46
16.48
17.70
15.90
27.42
15.53
14.47
22.01
11.51
25.48
33.88
91.68
13.01
14.99
12.85
10.35
15.00
48.39
22.34
11.49
11.20
16.75
11.66
65.21
22.51
16.02
65.36
77.56
14.21
45.10
23.31
13.03
188.76
16.09
28.35
26.81
62.96
15.23
16.35
25.17
43.16
13.26
12.43
12.54
65.08
17.59
146.57
16.70
22.46
15.06
16.20
84.62
66.81
19.33
141.40
12.89
73.78
25.97
10.02
30.94
16.04
18.51
57.52
10.29
11.78
107.11
37.72
23.07
10.68
55.95
14.80
37.79
10.90
54.50
58.07
57.38
20.62
49.45
40.83
131.80
72.75
10.81
14.91
19.36
83.96
24.04
36.85
96.26
24.22
69.05
13.84
24.08
18.79
67.10
13.10
157.49
10.62
81.35
11.70
10.69
39.58
11.99
13.77
17.81
11.28
76.69
93.40
18.12
23.33
146.88
19.53
21.51
37.13
18.04
105.72
21.04
15.46
130.57
70.88
14.07
26.67
23.26
41.47
50.36
52.13
21.06
23.23
121.51
11.56
18.35
26.76
24.25
50.50
70.14
94.79
12.10
10.24
12.96
21.71
12.35
67.96
109.88
10.31
22.32
173.46
115.94
12.67
150.33
32.92
27.97
51.03
32.51
12.73
13.32
38.54
22.12
30.52
11.00
48.69
29.28
141.02
11.85
12.41
106.26
14.06
44.99
16.40
42.88
33.97
39.92
46.28
53.61
100.85
89.08
35.97
21.53
65.31
153.90
48.07
20.56
20.46
13.02
134.40
65.41
177.98
14.48
38.14
15.11
10.93
14.27
54.21
21.04
10.15
11.83
32.97
62.32
15.47
18.44
14.61
55.65
14.59
44.20
36.02
69.21
26.06
25.55
37.88
30.11
93.92
13.00
14.03
18.46
44.90
16.84
20.19
148.93
11.43
12.56
37.38
16.45
21.48
23.94
51.34
22.95
34.01
19.66
109.92
196.10
45.99
34.31
26.22
54.49
24.89
27.76
10.17
38.74
96.20
29.70
47.38
108.84
90.44
19.08
25.03
16.62
13.77
17.79
13.29
18.49
75.93
23.89
76.90
23.32
158.96
12.82
19.71
10.24
119.68
11.05
64.10
56.59
157.90
39.57
12.32
54.85
44.92
70.21
18.37
22.70
153.80
11.07
12.34
28.60
11.35
13.52
91.43
17.69
23.45
10.61
11.18
10.34
26.23
15.51
57.54
65.01
76.68
24.14
10.34
10.36
10.60
20.65
20.78
29.85
23.70
38.57
11.55
14.61
133.52
38.93
14.29
26.52
10.66
15.50
71.13
194.34
17.96
31.79
36.97
73.01
60.83
16.73
146.44
13.03
84.70
15.64
19.08
40.69
30.99
34.23
