 23.23
 18.34
 10.48
 10.24
 10.35
 15.32
 52.10
 13.82
 92.37
 13.32
 11.47
 76.84
 11.36
 84.79
100.56
 15.51
 10.06
 48.78
 10.67
 90.94
 37.96
 13.28
 20.45
 10.87
 14.25
 42.67
 27.96
 10.16
 33.22
 82.59
 20.67
139.13
 12.15
 31.61
 32.74
 17.21
 12.00
 59.90
 44.16
 42.43
 88.63
 12.41
 17.95
 31.42
 78.42
 16.74
 12.74
 21.81
 22.71
 19.30
 98.50
 15.35
 14.32
 10.08
 19.44
 10.31
 18.68
120.68
 15.26
 19.29
 13.35
 10.07
 17.50
 29.49
 10.89
 42.81
167.05
 29.20
 14.74
 26.47
146.14
 10.07
 79.29
 15.46
 10.33
 13.32
 23.51
 26.16
 18.14
 20.53
 24.08
 14.33
113.33
 36.83
 19.31
 54.26
 25.98
 16.90
 16.42
 17.61
 43.45
 47.50
 60.14
 57.17
 34.74
 10.95
 15.70
 22.90
 36.57
 10.23
 15.25
 13.39
 34.01
 48.97
 25.96
 11.57
149.44
 11.99
 57.00
 18.37
 14.72
 12.53
 12.91
 91.85
 17.09
 14.31
 35.32
 65.14
 10.59
 10.09
 65.61
 20.02
 16.60
127.12
 12.41
 14.78
 31.36
 91.08
 30.05
130.89
169.84
 10.60
 29.46
 28.89
 10.18
 94.22
 68.40
 12.03
 13.86
 60.11
 10.05
 15.79
 15.99
 33.38
 30.79
 14.16
 38.67
 45.35
 11.13
 40.10
 21.12
 29.51
 67.46
 72.39
 10.70
102.21
197.72
 16.96
 48.09
 36.07
 27.09
 12.05
 20.64
 17.61
 12.77
 16.56
 19.78
 11.67
 23.34
 45.92
 48.94
 12.71
 24.01
 57.43
 17.78
 94.60
 16.53
153.17
 49.60
 32.42
 39.78
 78.07
179.67
 18.10
 12.45
195.71
 14.69
 32.74
121.56
 13.77
 11.06
 47.86
 27.49
 93.81
 29.35
 15.87
 27.75
 47.86
181.22
 11.40
 25.79
 37.43
 19.04
 11.67
 17.42
 25.17
 12.27
 12.73
 10.46
 13.36
185.38
 35.53
151.13
 29.01
 14.77
 40.19
 26.39
 20.71
 33.37
100.04
 15.11
 10.38
 33.69
 11.03
 10.21
 16.36
 24.03
 28.13
 31.45
 26.23
 43.43
 11.36
 62.25
 21.69
 37.33
 19.87
 11.87
 10.51
 22.24
 12.15
 27.59
 16.09
 12.95
 10.51
110.75
 11.73
120.75
 21.16
101.79
 32.49
 20.13
 21.12
 17.07
 41.96
 10.38
 11.41
 84.78
121.62
 37.21
 34.34
 48.05
 16.35
142.56
 22.48
 14.30
 14.86
 36.32
 22.12
 18.18
 12.49
 24.67
 31.02
 53.19
 14.80
 11.77
 25.18
 63.49
 39.88
124.25
 34.14
149.27
 31.29
100.32
 13.62
 38.03
 28.30
 13.32
 38.92
 87.13
 10.78
 15.64
 15.82
 17.93
 20.73
 14.70
 77.91
 23.02
 19.41
 35.19
 15.15
 42.15
120.73
 16.29
 32.45
 35.14
 48.96
 13.53
 15.13
 12.63
 11.83
 45.27
 10.47
 84.03
 18.24
 74.15
 57.39
 62.42
 25.10
100.59
 11.94
 10.17
 23.10
 22.25
 10.06
 29.09
 14.79
 45.44
133.76
 32.15
 69.44
183.03
 10.55
 69.53
 26.35
 24.00
 13.98
 25.47
 21.45
111.55
 12.51
 35.63
 66.48
 11.53
 26.04
 42.65
 55.16
 18.04
 15.19
 81.93
 21.75
 26.72
169.76
 12.94
 50.63
 14.00
100.68
 11.40
 11.29
 11.94
 19.52
 14.03
 34.25
 84.75
 12.43
 26.76
168.75
117.85
 39.00
 48.13
 23.63
 23.39
 68.72
 10.49
 67.58
112.26
 97.45
 17.11
 54.04
 18.41
 10.19
 13.16
 58.68
 42.74
 45.03
 11.66
 51.35
 28.16
 14.11
183.41
 46.94
 21.92
 19.54
195.04
 52.70
 16.94
 30.95
 12.14
 43.18
 25.99
 22.76
 20.57
 80.90
 72.94
 14.53
 18.75
 90.84
 36.46
 20.77
 46.11
 14.20
 17.87
 12.08
 46.84
 11.36
194.78
 20.25
 41.99
 11.77
 10.71
 37.23
 19.56
 92.06
 25.19
 97.42
100.44
 24.61
 15.26
 44.85
 11.38
 54.78
 12.25
 13.85
 91.96
 38.88
 12.46
 44.22
 11.54
 29.54
 18.46
 30.42
 13.85
123.08
 27.11
 24.29
174.05
 10.63
 14.28
 65.19
 70.69
 12.51
151.86
 32.68
 24.98
 26.21
 39.37
 11.97
190.08
 60.64
 93.05
 45.07
 10.57
 10.19
151.75
 16.92
 36.88
 31.98
 24.63
122.26
 80.25
 40.11
 24.05
 16.16
 16.38
 98.87
 45.39
 11.80
 10.32
 12.57
 21.64
 48.26
 14.19
 16.41
 19.81
157.27
 38.94
 21.25
 16.03
 30.62
 44.09
157.92
 10.48
 54.76
 12.95
 69.49
 16.59
 61.25
 24.03
 42.67
 47.38
 77.27
 81.52
 74.27
 33.73
 11.27
 10.09
 17.59
 69.82
163.91
 89.49
 21.98
 15.73
 71.54
 10.97
 16.42
128.70
 89.68
 13.58
 17.40
 66.45
 36.98
 99.23
116.56
 19.47
 89.04
 23.55
 26.19
 28.13
 10.17
 19.99
 12.63
 32.76
 22.65
 20.35
 60.91
 11.87
 37.45
 13.97
 13.63
 24.42
 16.68
 91.39
173.50
109.53
 54.11
 20.54
 45.72
 40.54
 20.03
 29.64
 22.52
 29.23
 26.47
 12.75
134.30
 32.02
 12.71
 22.24
 44.41
 53.01
 15.95
 33.06
 12.75
 15.87
 18.62
 51.47
 40.70
 29.72
 28.93
 86.09
 25.60
 19.31
 14.82
 57.05
 15.42
 92.40
 10.83
114.22
 63.55
 21.48
 16.20
 11.03
 17.23
 21.08
 44.05
 97.42
 72.16
 10.83
 82.38
 17.43
 49.73
140.80
 10.91
 29.03
 13.02
 14.83
194.97
 10.61
 20.72
 15.22
 11.60
 44.52
 31.59
104.88
 18.34
 13.88
 24.01
 24.62
 62.21
 11.19
 38.62
 11.09
 13.57
 79.11
 41.07
 15.03
 49.36
 48.23
 20.33
 19.57
 11.64
 15.76
 19.46
190.38
 12.11
164.35
 13.56
 74.53
 10.80
 14.57
150.58
 11.21
 35.17
 16.81
 12.97
 15.43
 34.08
 78.55
 13.28
 16.51
158.38
 11.35
 33.18
 11.21
 16.56
 10.17
 29.55
 22.03
 16.17
 27.04
 15.98
 59.60
 37.06
 17.31
 36.37
 96.21
 19.06
 30.59
 17.87
 19.53
 16.05
 20.49
 78.17
 35.53
 10.01
181.95
 26.17
 17.96
 26.18
 55.07
 43.52
 17.33
 50.90
 57.65
 12.00
 12.37
 19.71
 35.98
132.69
 11.28
 16.40
 14.02
 87.78
 42.58
 90.60
 81.19
 11.31
 29.91
 11.42
 57.54
 50.47
 29.74
 43.70
 11.78
 17.30
 11.12
140.60
149.41
167.15
 25.15
 12.74
195.24
 88.78
 43.62
134.05
 12.44
 50.49
 19.05
 24.42
 21.49
 17.71
 16.92
 80.22
162.43
 13.58
 20.41
 16.63
 12.16
 13.51
 11.26
 10.65
 17.05
 14.21
 53.35
 20.28
 10.41
 24.49
 15.83
 26.11
 12.97
 16.96
 16.71
 14.31
 32.49
 20.64
 10.29
 15.58
 11.03
 41.02
 92.43
 56.84
 11.42
103.36
 35.54
 14.62
111.28
 12.34
 63.32
 11.23
 91.93
 18.84
 20.60
 26.29
 20.19
 14.68
 49.66
 95.50
 16.47
 67.09
 12.63
 40.94
 24.56
 22.05
 83.83
 16.69
126.17
 24.05
 11.49
 32.82
 25.37
 13.84
 44.73
 18.93
107.68
180.81
 16.52
 42.39
 11.25
 10.49
 24.42
 30.07
 13.27
 12.81
109.81
 20.65
 31.60
 32.84
 19.15
 27.96
 55.05
 15.16
 42.81
 25.08
 86.15
 11.61
 21.19
 78.05
 10.65
 35.77
 19.33
 16.36
 11.56
 74.19
 16.44
 18.82
 55.11
 11.19
 17.82
 14.06
 36.66
 26.20
 14.77
 76.99
 19.43
 27.49
 24.03
 40.81
 25.82
 21.72
 21.05
 68.01
 69.45
 11.53
 66.18
 26.15
 17.35
 38.32
 10.12
 21.24
118.82
 12.30
 17.64
 13.38
179.57
 10.26
 11.93
 16.95
 35.75
 27.10
 10.09
 19.88
 13.14
 61.40
 25.39
186.51
 16.73
 41.26
 78.68
 10.57
 20.54
 23.95
 88.77
 11.64
 87.88
 13.80
 10.82
 49.80
 49.20
 31.60
 13.58
 10.75
 58.14
 24.41
 79.46
111.32
 10.44
 31.38
 36.23
 48.59
 27.74
 12.48
 11.55
151.58
 31.57
 10.42
 15.48
 13.41
 10.76
 35.35
 34.08
 36.39
 13.08
 67.23
177.77
 26.88
 21.35
 85.47
 31.19
 42.16
 11.67
113.65
 55.69
 25.87
 10.70
 17.54
 17.44
 32.06
 41.81
 31.01
 30.47
127.73
 25.25
 11.63
 13.59
 41.29
 65.13
 15.16
 34.99
 17.05
 18.82
 23.25
 42.85
 22.22
 56.33
119.91
 21.58
148.71
 86.49
 10.71
 11.39
 26.38
 21.23
 14.73
 37.48
 13.83
 11.64
 65.58
 13.35
 13.96
 10.72
 23.07
 10.74
 15.82
104.36
 13.53
 22.32
100.59
 11.34
 11.11
109.59
 13.59
 14.32
 15.14
 60.12
139.03
 12.61
 48.74
 12.49
 12.96
 12.29
 25.28
 36.62
178.77
124.48
 10.05
 31.63
 13.64
 10.56
 38.24
 44.71
 12.94
 97.73
 17.46
 17.75
 27.95
 12.99
 27.62
 16.52
143.75
 18.32
 24.69
 89.52
 13.63
139.72
175.16
 44.03
 45.95
 69.84
 16.89
 19.15
 20.54
 54.93
 13.18
 60.79
 20.90
 15.74
 19.18
 16.75
 16.02
175.14
 13.06
 20.83
 23.01
 98.90
 19.22
 10.75
 22.31
 12.06
 51.30
 52.90
102.80
 14.27
 16.34
 20.90
113.31
 11.40
 13.04
 18.24
 12.36
 46.88
 13.54
 11.11
 46.16
 71.99
 39.87
137.57
 30.09
 21.27
 11.44
 18.57
 12.93
 26.94
 11.99
 11.14
 25.06
 87.57
 26.67
 68.81
 60.26
 20.02
191.66
 26.95
 12.35
 14.43
 21.28
 23.13
 39.51
 61.67
114.87
 24.58
 82.58
 11.54
 29.10
 10.38
 18.00
 10.43
 11.27
 14.04
 51.49
 64.32
 10.03
105.04
 40.07
 21.95
 89.62
 45.60
 10.39
125.12
 49.37
 88.22
 18.98
 50.98
 10.34
 13.67
 85.00
101.17
 27.66
 31.69
 11.04
 12.88
 31.06
 43.10
119.92
 23.00
 11.13
 33.05
 26.34
 53.95
 10.93
 25.63
 11.49
 14.92
119.89
 21.35
 15.73
 48.00
 11.51
 20.64
 35.92
 89.76
 11.63
 10.35
141.87
 34.50
167.31
 19.56
134.97
 10.32
 27.87
150.08
 20.41
 23.46
 19.59
 18.04
 17.80
 12.81
 25.31
 30.06
 10.93
 19.13
 16.51
 41.45
 96.32
 26.33
 89.15
 17.24
 69.34
 18.66
 17.48
 34.79
 28.32
107.49
 11.40
 52.84
 24.45
 39.13
 44.48
 49.88
 76.95
 36.77
 11.29
 15.22
 66.45
 10.35
 18.75
113.11
 30.54
 65.98
 20.43
 14.15
174.18
 23.52
 61.76
 39.86
 32.35
 45.45
 16.24
 21.24
 17.04
 26.48
 11.10
 30.82
 99.45
 12.01
 22.27
 23.12
 10.95
173.97
 14.01
 42.22
118.53
 43.91
 30.06
 23.51
 80.32
 71.48
 32.24
 52.68
 15.56
118.65
 15.30
157.52
116.85
 11.56
 12.62
 22.34
 14.61
 16.88
 12.60
 23.93
 17.44
 36.06
 27.87
 56.32
 10.64
 11.20
 13.27
 12.46
 15.41
 12.96
 73.00
 95.88
 13.54
 14.26
 13.35
 66.98
 74.83
 28.10
 11.27
 16.29
 15.43
 41.30
 91.81
 31.33
 11.01
 51.64
 10.95
 18.37
 14.77
160.16
 10.34
 52.14
 29.74
 20.57
 10.59
 25.34
 18.07
167.81
 16.77
 56.20
169.04
 12.20
 40.45
 22.61
 65.17
 35.91
 12.75
 20.48
 29.83
 25.81
 17.58
 24.93
 69.12
 10.10
 24.51
 17.61
 38.28
 62.92
 81.43
183.13
 71.73
 34.32
 16.71
 10.95
 25.28
 10.54
118.60
 15.81
 93.81
 98.67
142.21
161.04
 24.07
 67.97
 58.38
 24.79
 19.06
 11.84
 42.08
107.47
 52.66
 18.39
174.77
 30.89
 42.17
 42.81
 77.99
 16.71
139.92
 19.31
 29.75
 10.68
 10.87
 47.30
 13.83
 10.83
 30.04
 56.58
 23.11
 10.63
 14.29
198.78
 15.00
156.47
 11.09
 59.10
 76.77
 10.21
 15.58
129.32
 25.39
 17.93
 35.94
 10.66
 29.57
 24.01
 10.16
 17.39
 11.05
 39.33
 27.45
139.26
101.73
180.80
 34.09
 24.04
 12.45
 67.51
126.50
109.02
 17.37
 11.81
 13.47
 71.07
 12.22
 10.58
 11.44
 13.52
 44.53
 27.03
 13.73
 57.29
 45.97
 27.83
 16.83
 17.15
 14.50
 37.62
 10.04
 26.03
 11.25
 47.10
 20.06
 65.93
 43.77
156.15
 30.34
 32.11
 39.64
 26.97
 21.87
 11.38
 75.16
 34.08
 19.83
 27.53
 22.91
 30.76
 19.39
161.11
 69.33
 20.95
 44.71
 10.88
 23.55
169.39
164.13
 15.22
 90.28
 44.71
 81.82
195.91
 17.52
 10.31
 27.14
 10.18
 50.04
 30.72
 13.05
 62.34
 47.22
 36.43
185.34
 10.40
 38.65
 59.74
166.55
 69.39
138.25
 13.74
 30.86
 18.09
 76.14
113.98
 34.91
 54.04
 22.79
 34.31
 36.41
 38.88
 42.85
 29.77
 26.16
 83.72
 42.17
 29.51
 14.55
 12.48
104.58
 28.87
 98.26
 25.24
168.94
 11.36
 47.55
186.54
 16.83
 64.52
 11.87
 40.95
 10.87
 55.87
 11.61
 11.23
115.51
 10.10
 18.34
 42.36
148.22
153.52
 11.19
 10.68
 17.90
 57.57
 17.76
 12.38
 21.86
 22.22
 21.97
 18.74
 28.04
 16.87
 15.34
 10.93
 18.62
 17.45
 12.83
 32.55
 20.90
 33.33
 14.00
 27.38
 22.07
 28.03
 64.50
 15.21
 24.17
 14.92
 18.03
 44.97
 45.65
 15.79
 27.66
 29.62
 42.41
152.91
 10.25
 27.04
 75.23
 12.11
 50.33
 12.39
 15.18
 61.53
 13.20
 49.83
 28.28
 11.71
 16.67
 12.88
 35.06
 25.40
 15.38
 10.77
 17.00
 11.49
 27.28
 24.98
 12.34
117.21
 25.32
 33.70
 21.44
 82.20
101.82
 12.71
 10.42
 20.17
 10.73
 19.75
150.16
 13.07
 19.45
 23.46
175.87
 31.61
104.65
 12.61
 19.14
 71.22
 11.15
157.10
 12.29
 11.16
 27.36
107.46
 13.80
 15.72
 16.42
 12.83
 72.73
 95.77
 30.15
 66.07
 33.69
 44.04
 32.00
192.81
 58.90
 16.51
 11.05
 16.36
 16.55
 11.13
 12.76
 34.78
 10.30
 48.88
172.68
 17.69
 11.28
 30.89
 18.59
 12.63
 47.88
 15.82
 31.06
 11.34
 23.40
 21.07
 42.28
 70.17
 14.50
 16.74
 18.46
 33.16
 28.10
 16.20
 16.26
 37.68
 26.16
 15.75
 13.08
 34.75
 12.66
 19.29
 82.00
 10.68
 28.73
 17.51
 33.07
 21.98
 19.23
 37.96
 20.57
 13.80
 89.35
 16.47
125.47
 88.69
 21.94
 75.71
 89.08
 65.51
 22.91
 32.19
 19.82
 11.28
 21.65
 18.17
 11.37
 14.05
 17.79
 45.34
 17.82
 17.38
 10.17
 12.27
167.63
 10.06
 32.10
 14.10
 43.49
 14.97
 11.01
 18.29
115.90
 10.42
 10.49
 10.07
 35.62
 12.52
159.73
165.05
 14.88
 61.78
 33.72
 22.31
 18.54
 54.13
 44.68
152.30
 26.28
 15.57
 22.16
 13.07
109.47
 15.78
 54.57
 34.77
 16.00
 21.74
 71.35
 10.61
 24.08
172.20
 72.62
 21.11
 54.85
 16.09
 10.85
 13.79
 12.86
 33.13
 27.01
 17.71
 74.25
 19.72
 57.11
 24.21
 20.94
 47.90
 15.25
 50.96
 18.50
 91.89
 77.45
 24.44
 34.91
 23.52
 30.96
 12.28
 59.43
106.26
177.85
 20.58
 14.99
 46.80
 12.73
 14.05
 31.22
 25.66
 39.71
 13.45
129.12
 18.45
 20.45
 13.95
 14.81
 11.83
 19.03
 15.96
 22.65
 20.19
 11.65
 26.02
105.11
 18.46
 51.45
 44.07
 26.58
 22.07
 45.98
 11.52
 41.52
 78.36
 87.28
 11.91
 13.36
 34.64
 18.58
 12.49
 35.48
 30.21
 77.19
 62.77
 67.27
 25.55
 41.06
 17.04
 75.43
 13.71
 32.30
 56.45
 14.52
 29.61
 93.07
 92.73
 69.73
 30.75
146.67
117.13
 20.89
 13.91
 19.31
 19.92
 58.04
 13.75
 35.27
 14.22
 11.22
 19.61
 71.71
 16.78
 10.08
 31.93
 10.43
 46.89
 11.69
 70.30
 74.30
 55.28
 38.63
 58.78
 10.06
 11.62
 50.53
 16.91
 55.66
 23.39
 10.74
 12.18
 11.03
 43.45
 27.79
 17.58
 21.15
129.42
 26.08
 19.36
 40.01
 11.49
 23.85
 51.53
 12.43
 70.01
 11.02
120.74
 35.17
 23.88
 38.26
 75.89
 49.90
 13.44
 29.23
 14.75
 44.56
 11.17
 16.86
 11.27
 15.35
102.49
 13.35
 11.94
 12.98
 14.28
 56.79
115.55
 56.65
 46.56
 79.02
 32.46
 44.00
 25.16
 51.21
 18.41
 42.52
 15.79
 21.82
 35.36
 54.15
 89.64
 17.02
 22.50
 26.41
112.78
 53.17
 12.47
 30.49
 19.16
 50.22
 21.68
 13.34
 19.52
 18.52
 37.52
 29.64
 17.02
 15.59
 10.74
 75.77
 51.19
 30.96
104.19
107.97
 21.86
 15.30
 12.88
 66.50
 32.55
 32.75
143.46
 12.96
 28.21
193.06
 37.48
 11.63
125.88
 19.32
 16.61
 18.91
 17.07
180.44
 20.83
 60.88
 10.24
 18.73
 80.84
148.16
 76.89
182.59
 10.51
 14.32
166.70
 16.41
 24.52
 10.13
 83.00
125.92
 12.68
124.45
126.35
 11.34
 10.19
 61.30
 11.22
 13.48
 10.45
 16.85
 11.84
 16.34
101.74
 54.79
147.61
 10.13
 56.54
 66.01
 13.12
184.30
 11.31
 16.67
174.83
 16.91
 13.39
 23.25
 15.96
 14.24
 17.70
 22.85
 14.60
 11.30
 28.06
 20.39
 27.75
 12.65
 12.50
 16.18
 13.74
 21.31
 29.16
 48.56
 18.22
 81.22
 16.56
190.37
 53.52
 19.51
 11.20
 52.21
 14.67
 44.16
 21.10
 21.60
 17.49
121.61
 18.72
 13.30
 52.01
 12.47
 16.03
101.54
 19.83
 16.39
 32.80
 20.87
 54.97
 16.90
 89.26
 34.75
107.34
 13.98
 14.63
 11.50
 19.80
 60.10
 11.47
 59.54
 87.64
 11.27
 52.47
 17.57
163.14
 67.73
151.23
 88.64
 77.83
 11.75
 22.52
 58.70
 14.81
 48.02
 45.44
 14.72
 11.78
 82.87
153.12
 13.15
 12.24
 24.24
 16.72
 64.83
 14.74
 76.40
 13.16
 19.80
 17.06
 20.41
 51.31
154.41
 22.64
 30.34
 26.12
 47.78
 16.22
 16.70
 11.32
 22.50
 13.94
 59.20
 29.64
 25.98
 26.43
 11.41
 11.90
 74.58
 17.20
 21.62
 25.01
 77.76
 99.93
 63.99
 80.45
 51.38
 14.23
 27.79
 12.17
 11.58
 41.76
 13.28
 13.91
 72.16
 35.66
146.67
 29.06
 12.74
 27.78
 44.74
 42.02
 10.96
 28.61
 12.95
 21.49
127.20
 23.88
 49.03
 28.89
 39.03
 52.66
 10.50
 16.98
 20.85
 12.57
 16.98
 18.39
 10.75
 17.18
 78.16
 83.30
 13.28
 26.59
 12.45
150.72
 10.84
145.87
 37.57
 18.58
 10.54
 46.61
 63.32
 10.71
 32.34
 15.12
 26.35
 16.24
 67.87
 20.39
 45.85
 22.39
 14.42
 29.66
 43.76
 70.28
 24.06
 36.32
119.28
 14.75
 23.90
142.58
 87.96
 25.75
 11.03
 74.45
 20.78
 12.30
 24.44
 24.41
 15.26
 62.09
 22.85
109.14
143.25
192.42
138.65
 11.75
 10.63
 27.65
 10.51
 15.89
 13.61
 30.07
 81.50
 15.87
 16.02
 10.76
 67.17
 67.86
 31.14
 36.36
165.09
141.61
 79.67
 18.10
 13.30
 10.79
 12.92
 12.82
 12.33
 12.88
 13.08
 15.56
 24.32
 22.20
 16.10
 24.97
 65.96
 18.39
 58.81
 16.20
 11.34
 47.37
 35.94
 16.05
164.96
 18.25
 60.69
 10.16
 10.20
123.37
 12.91
 67.67
 17.00
 28.07
 67.28
 52.55
 25.35
 10.23
 10.84
 13.88
 12.96
 38.91
 22.31
 18.88
 11.73
 10.03
114.46
167.34
 12.18
 14.96
 17.66
 57.74
 20.80
 16.38
 52.67
 48.48
 22.74
 10.50
 27.01
 27.50
 17.14
178.78
 13.10
 48.42
 20.13
 11.55
125.33
 16.44
 33.12
 15.69
 55.91
 12.62
 14.24
 27.59
 22.37
 14.46
 26.89
 67.60
 64.35
 30.89
 49.35
 23.88
 11.23
 19.32
 10.53
 80.43
 34.96
 27.26
 45.69
 17.71
 33.67
178.06
 26.54
 25.11
 95.64
 11.73
 12.70
 22.58
 57.42
 16.30
147.92
 42.80
 22.79
 11.23
 10.13
 13.08
 48.69
 11.15
 20.10
157.80
 15.08
 12.68
 22.27
102.57
103.33
 61.58
 15.17
 29.76
 21.45
 39.84
 10.45
 12.87
163.42
 42.11
 14.35
 18.43
 54.94
 46.47
 16.07
 19.68
 33.04
 16.05
 28.56
 37.30
 13.05
 60.81
 18.63
 20.11
 33.22
 44.15
 10.36
 19.67
 73.86
 49.48
 29.98
 13.17
 14.61
 59.83
 20.46
 36.57
 22.77
 22.12
 53.22
172.13
 94.84
 10.80
 17.21
 12.89
 12.75
 10.48
 14.38
125.16
 11.36
 16.99
 11.36
147.71
 19.04
 61.72
 50.61
 10.57
 20.77
 86.99
 14.45
 14.85
 17.94
 10.18
 14.63
 72.88
 16.99
 14.18
 53.07
 30.38
 34.57
 26.87
 12.11
 14.73
 12.66
 23.25
 11.95
192.79
 15.01
 22.07
 29.59
 12.30
 29.29
 12.31
 12.43
 49.61
 13.87
 12.62
 13.43
 17.07
 24.83
 50.81
131.24
131.67
 45.52
 12.96
 40.86
 15.94
 18.74
 23.95
 18.79
 10.51
 67.39
 12.35
 19.21
 12.22
 12.12
 31.82
 57.20
144.23
 23.00
178.02
 34.07
 17.74
 33.23
 13.50
 18.08
 44.10
103.50
 20.37
 73.17
 53.91
 19.08
 16.68
 44.69
 30.52
 11.35
116.34
 99.51
 14.77
 15.07
 15.22
 11.54
 22.07
 15.50
 15.44
 62.78
 16.13
 20.56
 22.61
 27.01
 79.28
 27.33
118.55
 10.63
 40.70
 16.00
 18.35
109.01
 17.66
 29.89
195.15
 28.34
 24.94
 78.95
 56.71
 19.04
 58.03
 20.98
 21.15
 24.57
 12.19
 53.69
 18.77
 29.35
 13.05
 19.69
 24.67
 13.12
 13.82
 11.94
 15.52
 18.52
 10.72
 13.20
 27.01
 21.87
 56.79
113.95
 10.77
 10.18
 32.59
 10.91
 15.68
 19.74
 10.13
 10.04
 10.99
 11.24
 10.91
 26.03
 11.42
179.48
 29.33
 45.44
 33.28
 12.69
122.71
 10.75
 62.59
 14.69
 20.17
 31.57
 10.33
 32.88
 10.47
 37.91
 14.48
 51.29
 17.14
 38.56
 39.22
 66.73
 91.17
 22.64
 30.74
 17.06
 23.98
 14.12
 10.64
 20.32
 46.71
 14.24
 26.20
 31.86
 37.42
 19.03
 18.78
 92.67
 10.99
 32.87
 16.25
 24.24
 20.12
 13.56
 19.63
 60.87
 14.94
 29.40
 17.17
 37.12
 49.62
 14.08
 14.15
 13.68
 23.50
 10.67
 22.22
 16.74
 24.12
 14.42
 19.67
 46.48
184.74
 27.79
 12.79
 20.91
 24.34
 12.38
 20.01
109.44
 17.87
 16.35
 82.30
 11.52
 70.78
 40.67
 55.16
 69.99
 24.30
 26.06
 33.91
 12.51
 25.31
 85.22
 56.53
122.35
178.46
 14.55
 16.13
 17.64
 73.43
 18.18
 10.60
 84.56
 23.01
 14.35
 11.26
 69.93
 15.31
 31.79
 30.22
 95.82
 41.38
 10.20
 89.39
 68.11
 50.61
 26.32
 19.90
 18.70
 12.87
 14.42
 17.92
 42.41
 16.17
114.15
 14.53
 27.61
 18.07
 12.60
 32.00
 39.95
 63.96
 44.57
 10.19
 21.05
 16.16
 28.08
 18.70
 11.66
 24.41
 35.58
 42.10
 20.48
150.63
 27.56
 56.56
 25.81
 70.36
 13.47
 83.78
 12.53
 11.59
 30.16
 18.79
 11.53
 16.05
 10.70
131.85
 17.02
 18.28
 34.95
 26.34
 14.69
 23.45
 13.84
 12.15
 10.63
 12.03
 21.80
 52.31
 26.49
 10.36
 50.08
 13.75
 14.56
 87.25
 25.76
 28.09
 15.52
 17.12
 11.42
 18.92
 10.97
 11.38
 10.26
 26.34
 12.13
 30.99
181.45
 12.25
 14.52
 18.32
 11.81
 12.60
 35.57
 10.19
 41.31
 37.58
 24.61
 10.66
 16.87
 22.29
 15.84
 73.86
 45.07
 43.34
120.61
 11.29
 14.85
 10.20
 35.99
 54.61
 16.93
 70.51
 15.11
 43.99
 36.22
 68.06
137.96
 14.63
 10.26
 39.94
 20.25
 11.52
 17.61
 13.37
112.08
 30.97
 16.93
 19.03
 31.00
 10.01
 23.11
 17.74
 40.98
 13.01
 49.47
 46.53
 48.37
 24.34
 21.08
 15.11
 67.57
 15.82
 27.01
 18.97
 19.02
 13.85
 18.81
 45.65
 16.69
 50.30
 13.45
 49.17
 20.60
 91.98
 85.36
 12.40
 62.30
 40.18
 31.94
 40.74
 11.64
 11.30
 11.51
 18.84
 15.30
 23.80
 23.27
 62.79
 35.21
 60.66
135.63
 10.54
 66.65
129.58
 14.79
 67.94
 36.85
 21.18
 57.75
 15.35
 11.39
 73.46
 16.02
 27.70
 19.74
 33.37
179.54
 34.93
 27.64
 23.90
 22.06
 11.02
 20.60
 73.60
 51.13
 19.97
 40.28
 15.36
 42.65
 19.75
 70.56
 22.46
 46.22
 22.64
 10.32
 49.07
 29.49
 29.84
 21.81
 15.88
 10.16
 22.36
 23.69
 35.62
 14.52
 49.08
168.48
110.19
 20.08
 12.39
 48.13
 17.80
 10.49
 11.15
 19.35
 13.67
 50.27
 15.03
 36.75
 13.59
 87.79
 30.44
 26.73
 53.11
 29.82
 12.57
 30.83
 31.30
 67.73
 28.17
 25.77
 12.06
 10.64
 16.43
107.12
 14.85
 41.68
 17.42
 26.84
 36.82
 23.95
 24.26
 24.20
 16.50
148.39
 11.91
 30.42
 40.11
 11.87
 62.44
 13.55
 17.85
 56.30
 15.17
 10.07
 25.90
 29.70
 89.38
 31.74
 16.04
161.17
 64.98
 24.83
 17.99
 37.38
126.83
 21.75
 46.61
 10.14
 69.00
 20.09
 12.68
 23.47
 74.64
 23.40
 64.31
 15.58
 14.39
 21.46
 10.14
 42.99
 14.37
 35.44
 15.79
 14.00
 12.19
 32.18
 13.88
 41.08
 29.22
 25.68
 10.66
 77.36
 10.11
 47.32
 42.74
 13.46
 38.45
 54.68
 69.05
 30.53
 35.35
 66.54
 20.44
 15.06
 37.76
 11.03
 16.58
 10.57
 45.07
 11.34
 14.97
 11.95
190.51
 12.19
 29.34
 10.99
 23.37
 33.75
 28.71
 25.08
 79.28
135.05
 21.23
 10.73
 12.86
 29.01
 18.12
 45.51
 89.71
 27.18
 23.69
 13.79
132.51
 10.93
 65.29
 20.59
 22.80
171.30
 17.80
 56.72
 40.98
 18.43
 14.28
 11.35
 10.46
 28.05
 33.43
 18.16
 41.31
 11.75
 38.89
185.67
 34.38
 12.75
 10.28
140.14
 32.00
 20.38
 10.78
 25.16
 10.37
 14.64
 32.55
118.51
 14.04
 16.78
 45.96
 18.74
 68.46
 10.66
 11.39
 10.46
 21.93
 57.17
 56.60
 29.07
 13.19
 17.58
 38.82
 23.27
 28.74
 13.27
 10.64
 36.10
 16.99
106.29
 40.55
 11.92
 13.07
 17.74
 23.26
 61.76
 40.97
 17.13
 15.81
 21.00
 10.93
 30.31
 14.92
 70.70
 23.29
 39.91
 10.83
 11.83
112.19
 26.39
 12.12
 15.01
163.65
155.43
 17.46
 17.27
 34.36
 34.26
 60.73
 15.15
 10.73
119.64
 11.96
 59.28
 33.33
 66.64
 25.55
 12.74
 12.76
 38.54
 19.54
 44.26
 10.48
 14.68
 61.32
 48.88
 37.25
 15.01
 16.26
 16.77
 28.73
 31.25
 84.79
 87.17
148.67
132.62
 16.86
 16.60
 24.72
 57.85
100.24
128.95
 34.79
 47.41
 18.31
 17.24
 34.68
 26.88
 10.70
 47.31
 30.87
137.25
 17.33
100.34
 11.92
132.30
 63.11
 54.72
 38.42
 32.35
 44.45
 13.81
 70.25
 46.44
 12.11
 19.16
 45.32
113.47
 14.68
 28.71
 46.93
 43.48
 10.55
 53.91
 25.30
 16.77
 29.17
 10.63
 31.89
 11.35
 10.34
 13.75
 17.45
 29.97
 23.87
 21.71
129.63
 91.96
 14.58
 25.51
 39.92
 14.33
 14.95
 13.31
 10.33
 11.56
 60.44
 34.39
 24.39
 13.54
 12.41
 53.98
 11.08
 17.90
 17.84
 29.27
 37.98
 16.57
 35.79
 23.64
 51.59
 15.12
 76.42
 14.69
 15.81
 19.57
 94.31
 52.20
 21.75
 32.78
 34.59
 73.41
 23.08
 15.89
 28.11
 68.58
 30.84
 66.40
 10.33
 34.02
 38.33
 83.63
 31.02
 50.42
 25.40
 11.81
 27.43
 21.38
 26.91
110.26
 16.37
 20.77
 10.48
 15.98
 25.78
 28.36
 10.65
100.50
 54.80
 25.84
 33.72
 69.38
 16.37
 24.16
 73.41
 27.30
 19.03
 27.27
 33.86
 22.23
 88.43
 23.61
 15.47
 54.88
 45.39
 10.19
 10.78
 12.38
 65.04
 16.83
 40.78
 14.94
 24.97
 11.87
 27.32
 13.67
 77.04
 53.91
 78.12
 15.26
 11.43
 19.58
 26.01
 42.03
 24.23
 46.79
 12.63
118.16
 21.70
 64.55
 16.42
 12.02
 19.99
139.11
 90.71
 10.92
 23.88
 32.20
 31.95
 12.63
 13.80
 21.43
198.58
 17.17
 15.00
166.75
 53.92
 46.36
 80.20
 36.56
 48.49
 19.15
 19.07
 59.90
 29.35
 10.72
 11.23
 12.08
 10.44
 13.66
 70.25
 16.10
 17.35
 27.05
 15.51
 10.56
 69.58
 13.78
 33.03
 11.57
 61.40
 10.87
 10.71
 83.41
 30.17
 14.32
 13.26
 14.70
 15.25
 12.29
 11.05
 10.99
 53.53
 55.28
 10.96
 29.97
 25.83
 11.23
 91.47
 10.94
 15.21
 42.05
 50.37
 30.66
110.86
 24.25
 47.59
 38.20
 22.12
 15.00
 11.23
 18.46
 10.59
 24.23
 31.33
 13.41
 18.62
188.87
117.29
 14.26
 10.01
 80.80
 30.70
 53.06
 14.08
 28.76
 15.26
 44.48
 16.54
 68.41
 79.11
191.54
 12.45
 10.91
 26.87
 18.35
 56.92
 10.96
 57.37
 15.24
173.41
111.31
 17.60
 85.43
 42.56
 96.44
 16.49
 11.31
 12.01
 13.49
 14.27
 46.81
 39.53
 15.13
 51.92
 24.39
 21.91
104.19
 54.48
 13.41
159.29
157.49
 14.72
 12.49
 32.24
 12.94
 37.98
 12.02
 43.85
 10.10
 15.26
160.79
 42.86
 10.45
 11.17
 45.42
 27.19
 26.67
 22.06
 16.92
153.16
 22.28
 17.90
105.30
 72.81
 13.50
136.13
 28.74
 11.99
 19.51
126.22
 12.75
 24.33
 16.44
142.36
 42.89
181.89
 20.65
 16.65
 10.68
154.00
 12.38
 23.00
 42.33
 12.59
 36.60
 17.68
 75.24
 28.85
 59.76
 10.53
 36.43
 92.14
 46.78
192.32
 34.04
 16.76
 10.47
 14.27
 77.63
 45.83
 14.11
 20.39
 19.08
 10.93
 12.30
109.45
 37.37
 18.91
 78.35
 39.17
 11.44
 63.52
 24.54
 17.93
 14.59
 21.90
 33.25
 55.46
176.28
 13.93
 26.99
 13.50
 23.82
 54.89
 28.01
 22.08
107.33
 16.33
149.87
102.36
 56.95
 55.64
 16.78
 53.38
 62.67
 51.66
 56.49
 17.27
 10.33
 12.57
 68.13
 19.75
 12.11
 16.90
 50.47
 18.37
 11.15
 12.62
 62.80
 11.39
 26.00
 64.47
 54.67
 81.25
 17.46
 12.69
 10.25
 11.03
 15.06
 18.62
 38.05
146.62
 62.96
 28.58
182.01
 68.14
 39.86
 75.84
 89.50
 33.74
 37.54
 10.03
 25.46
106.03
 10.25
 11.57
 11.42
 30.91
 25.95
 55.47
145.04
 50.40
 69.29
 43.22
 70.99
 21.54
 31.58
 78.20
 22.92
113.03
 11.34
108.69
 75.03
 26.90
198.18
 10.06
 10.45
115.94
 69.17
 11.29
 12.95
 19.66
 54.23
 17.81
 34.70
 18.67
 27.40
 24.28
110.04
 18.50
177.62
 44.55
 95.80
 24.29
 13.11
 23.34
 40.80
 13.89
 11.17
 18.56
 29.78
 18.34
 27.71
 14.15
 17.66
 15.53
 18.73
 20.22
 22.81
159.20
 14.22
117.22
 24.32
 10.17
 20.27
 11.14
 14.80
164.77
 10.39
147.72
 10.34
 11.52
 41.91
 45.59
 20.82
 59.77
 25.12
164.13
 19.02
121.64
 76.58
 12.30
 13.10
161.64
 10.44
 14.87
 15.37
 58.70
 42.21
 21.39
 13.09
 11.80
 19.33
118.03
 91.74
 33.17
 19.65
 60.89
 46.49
 10.33
 21.34
 26.59
 20.02
 25.51
 97.68
 41.32
 11.89
 10.73
 22.30
 12.47
 27.31
 28.76
 10.59
 19.83
 31.60
 54.66
 14.29
133.11
 14.01
 16.76
 62.52
 23.54
 21.29
 47.71
 16.22
 21.54
 23.82
 13.60
 72.93
 53.66
 22.10
 11.81
 20.85
 66.57
 13.61
 15.13
 20.59
 19.16
 15.02
 24.94
 20.35
 24.37
136.17
 26.92
 14.25
 10.44
 39.15
 26.62
 12.60
 11.78
 42.21
 23.40
 21.10
182.49
 42.17
 80.41
 14.85
 17.14
 40.47
 12.17
 22.78
 27.25
 14.66
 16.85
 23.44
 51.33
 22.72
 10.83
 16.05
 26.25
 46.15
 12.60
 16.07
 12.73
117.26
 32.86
 12.11
 63.54
 13.54
 10.35
 23.76
 12.12
 17.01
 84.42
 10.80
 25.69
134.69
 13.13
 10.84
 83.59
 77.37
 12.23
 16.64
 23.13
138.26
 25.83
 19.87
 94.51
 13.62
105.88
 10.62
 50.33
 44.80
114.26
 69.65
 11.00
 22.95
 80.18
 11.69
 36.07
 51.61
 12.42
 14.75
 19.64
 10.06
 30.69
 38.50
 10.76
 18.95
 26.99
 61.57
 13.84
102.97
 19.80
 30.80
 16.93
 37.64
 25.43
 10.82
 89.40
 49.02
 13.06
 16.95
 14.01
 53.85
 42.30
 82.47
 17.95
 21.45
 25.48
 11.38
 25.48
 79.38
 15.90
 14.88
 17.74
 32.65
 14.54
152.49
141.90
 46.46
 11.94
 12.42
 11.15
 20.17
 15.85
 26.72
 14.45
 47.19
 85.55
109.74
 14.10
 15.12
 73.31
 15.93
 17.91
 10.31
 39.70
 46.08
150.32
 48.67
126.03
 60.47
 15.54
 23.95
178.29
 18.16
 10.11
 10.33
 67.59
161.35
 16.92
 13.13
 10.21
 69.81
 17.15
 26.86
 36.43
 11.23
 12.73
 16.96
 14.32
 23.60
 56.61
107.45
128.01
 14.50
 16.22
 81.33
 36.06
 12.28
 14.01
 17.33
 17.22
 11.38
 20.11
 11.66
 29.23
113.81
 13.33
 15.79
 61.89
 16.48
 13.32
 39.97
 13.07
 10.67
 42.05
179.77
 26.31
 13.47
 14.97
 20.51
 70.22
 31.13
 12.38
 13.98
 14.11
 88.14
105.32
 98.08
 31.52
 50.17
 12.31
 19.26
 14.44
 20.32
 53.76
 53.01
 44.60
158.04
 18.40
 61.95
 22.16
115.16
 10.22
 13.73
 63.49
 23.78
 60.50
151.58
 17.79
 11.57
 32.35
108.10
 56.92
140.11
 75.42
 71.34
 84.68
 52.73
 21.48
 20.25
 15.35
 38.34
 16.31
 19.73
 13.87
170.53
 23.61
 83.55
 10.02
101.67
 21.36
 23.09
 11.36
 15.66
 32.76
 51.38
 39.53
 37.07
147.25
 17.45
 64.48
 48.37
 37.88
 11.18
 11.61
123.40
150.82
 30.07
 41.53
 47.18
 31.71
 29.38
 52.70
 13.78
 17.98
 15.87
 40.12
 17.81
 36.16
115.83
 52.54
191.43
 17.65
 13.41
 13.70
 10.20
156.87
 57.91
 60.06
 29.24
 13.37
 14.44
 61.51
156.24
 67.93
 12.31
186.91
 15.06
 10.10
 33.62
 16.50
 17.92
 33.52
 19.23
 66.21
 42.37
 26.66
 18.95
 17.93
 14.70
 16.09
 18.33
 19.29
 24.70
 11.87
130.48
 21.44
 55.55
 13.26
 21.02
 30.06
 10.24
 34.21
151.80
 13.83
 41.44
 77.80
 52.38
 11.36
127.50
 29.15
 12.67
 10.57
 21.72
 17.87
 12.39
 74.92
 12.29
 10.67
 36.85
 11.83
 10.93
 16.43
 10.06
 44.76
 46.68
 22.26
107.44
 54.47
 11.83
 29.71
 58.41
 46.04
117.28
 20.10
 12.11
 27.70
 45.49
 21.84
 37.94
 28.19
 11.39
190.93
 20.19
 13.61
 85.91
 81.77
 84.25
 60.25
 15.62
 45.63
 16.51
 79.77
126.44
 12.40
 18.79
 21.13
105.25
 12.10
 13.33
 16.73
 12.42
 14.55
 43.67
 30.35
 20.28
 10.08
141.46
 37.83
131.24
 32.48
 32.28
 11.62
 12.26
 16.92
 15.08
 21.37
 33.10
 12.20
 28.46
 16.27
 13.44
 69.15
 33.26
 46.18
 10.46
 55.85
 33.92
 10.11
 13.78
 29.08
 63.02
142.20
 16.37
 14.37
 11.49
 28.37
 33.33
 13.98
 41.67
 23.77
 49.89
 20.76
 10.77
 23.43
 16.77
 80.67
 10.20
 47.10
 49.42
 13.50
146.59
 74.52
 15.32
 10.62
 10.10
 59.38
 11.15
 60.34
 45.35
 13.97
 14.53
 12.43
 68.47
 25.51
156.47
 12.41
 25.78
 47.69
 73.68
 29.54
 19.87
 78.11
 10.57
 10.27
 11.13
 38.07
 10.17
 26.37
 10.32
 22.34
 11.71
 31.33
 17.52
 20.87
 10.96
 23.81
131.76
 10.77
 22.29
 31.04
 30.28
 12.40
 22.73
 53.99
 12.87
 18.23
 61.39
 12.66
 83.77
 43.76
 29.60
 37.07
 14.16
 49.66
 67.17
 45.14
 14.35
 28.29
 40.37
 14.07
119.13
118.21
 31.69
 12.86
 14.42
 17.51
 72.86
 25.19
 72.93
 50.65
 16.70
 21.21
 13.16
 23.34
 17.67
 41.52
 12.33
 13.25
 39.54
 29.89
 19.53
 11.33
 43.36
 21.14
 18.19
 94.67
 38.99
 12.02
 26.10
 11.52
 10.97
 12.43
 11.67
 76.33
157.75
 12.85
 16.83
 14.43
160.43
105.76
 12.40
 44.31
 13.44
 11.04
110.03
188.68
 14.88
 14.53
160.21
 10.80
 10.61
 24.23
 19.07
 19.79
 46.03
 45.64
 10.30
 10.14
 24.18
 72.37
 11.07
173.16
 25.18
 75.42
 77.32
 74.30
 52.39
 56.16
 77.52
 19.99
 88.48
 20.34
 10.96
 90.55
 11.09
 30.66
 36.81
 13.59
 83.41
 11.90
198.74
 31.96
 39.50
 15.60
 14.76
 13.59
 14.71
 36.00
 12.00
 47.55
 22.85
 61.77
 46.09
 92.83
 63.99
 95.79
 16.04
 15.45
 20.08
 37.84
 11.38
 82.50
 22.03
 11.67
149.10
 27.30
 10.80
 28.99
 13.65
 13.80
 14.67
 14.59
 20.21
 56.41
 10.97
 29.72
 14.26
 23.68
 12.53
 27.43
101.19
 40.38
 26.29
 25.85
 10.39
121.66
 10.69
 14.69
 11.33
 13.76
 18.37
 38.12
 11.76
 11.48
 21.59
 27.75
 29.74
117.60
 32.26
 22.97
 31.67
 22.53
 25.60
 11.33
 81.71
 61.69
 10.03
 10.35
 16.62
 16.60
 21.79
 12.38
 11.85
 31.94
 13.47
 23.83
 13.26
 23.55
 13.13
 45.37
 63.41
 10.93
 12.52
 41.62
 10.26
 59.08
105.16
191.40
 20.95
 44.81
121.04
 36.34
 86.85
 11.58
117.21
 11.87
 27.53
 15.04
 11.56
 18.42
 29.10
 26.32
113.77
 15.39
 30.54
 13.87
 19.10
 12.67
 14.89
 30.10
 12.08
 75.47
 20.26
 14.49
 94.62
 12.10
 65.20
 68.31
 34.13
 17.97
 19.83
 12.75
 13.32
 31.42
 31.35
 80.31
 45.23
 11.99
 41.57
 20.96
 10.92
 21.21
 19.33
 11.26
 11.39
 15.00
 10.73
 11.74
 63.95
 28.32
162.53
 36.96
 34.18
 39.08
 72.13
 86.38
 12.78
 30.79
196.05
 35.84
 19.46
 16.64
 22.00
 11.59
 56.12
163.46
 10.58
 25.56
 19.47
 37.94
 33.99
 22.19
 21.62
 68.99
 29.58
187.03
 24.95
 19.13
113.64
141.41
 20.02
 15.55
 35.21
 34.62
165.72
 55.34
 12.71
 52.93
 13.69
 15.22
 36.13
 22.27
 22.88
 36.75
 60.73
 10.18
 33.48
 69.30
 26.75
 11.13
 49.86
 12.85
 12.58
 14.60
 12.93
123.58
 35.94
 13.53
 18.26
 27.20
 12.22
 29.28
 23.09
 17.31
 13.44
 15.65
 11.33
 44.53
 37.97
 18.03
 69.99
 10.06
 30.16
 14.82
 69.18
 18.35
 10.85
 11.41
121.04
 17.02
 10.09
 18.51
 19.57
 74.61
 53.38
 18.93
 53.51
 13.84
 50.53
 34.56
 31.56
 26.20
 31.34
161.58
 11.85
 30.11
 35.77
 11.43
 13.71
 38.19
 18.91
135.08
 14.41
 14.74
 15.16
 38.29
123.10
 48.77
 10.03
 48.61
110.66
 10.01
 12.38
111.49
 13.91
 20.94
 14.94
 59.35
 15.60
 34.04
164.04
 18.17
 17.94
 18.33
 14.89
176.60
 49.45
 21.80
 16.59
 11.49
 71.08
 27.96
 80.78
 18.10
 59.77
 69.01
 43.51
 68.69
 10.73
 10.41
101.07
 10.19
 12.31
 13.31
 23.32
 37.42
110.08
 11.34
 27.03
 87.44
 11.17
 18.13
 22.53
 26.08
 34.54
117.44
 19.33
102.60
 41.95
 14.51
 16.57
 23.03
 11.23
 17.88
 19.23
 71.36
 11.31
 15.56
 21.76
118.33
 77.79
 87.60
 45.96
125.47
 23.73
 84.42
 15.63
118.14
 13.33
 50.66
 37.55
 15.64
 10.75
 29.83
 12.43
 24.31
 60.13
 17.61
 17.70
 32.22
 35.09
 18.97
 19.54
 14.84
 16.48
 13.88
 14.41
 24.33
 12.48
 65.09
 12.06
 27.43
 60.49
 26.76
 27.74
 11.24
 25.89
 45.71
 39.65
 11.27
 79.17
 42.04
 28.54
 13.69
 12.15
 14.45
 17.03
 66.48
 11.35
 23.89
 33.09
126.61
 15.61
 24.64
 17.27
 21.63
 84.21
 13.54
 20.22
 50.44
132.22
 13.66
 12.02
 17.06
 44.51
 32.67
 21.38
123.48
 26.15
 10.98
 55.96
 12.86
 14.47
 73.51
 57.04
191.10
 44.11
 47.95
123.85
 24.99
 53.13
 41.33
 12.70
 33.50
 12.36
 50.22
 23.03
 11.87
 10.85
 13.28
182.50
 17.08
 18.66
 19.22
 83.08
106.79
 27.32
 24.69
116.88
 72.50
 39.17
 15.80
 11.67
 18.17
 73.57
 18.99
 36.63
 13.65
 23.34
 25.63
 44.51
 19.00
146.18
 70.12
 97.94
 31.89
 13.35
 21.79
 29.07
 46.17
151.24
 58.69
 42.04
 15.51
 91.02
 53.25
 47.20
 11.72
 30.57
 18.86
 18.12
 33.30
 11.75
137.64
 27.48
 54.84
 18.52
 14.22
 47.90
 55.73
 15.57
 11.08
 13.93
 22.66
 64.42
 57.28
 10.17
155.83
 51.99
 10.77
 22.70
103.24
 22.99
 13.10
 11.87
 23.77
 28.79
 15.98
 13.82
 14.74
 14.00
 11.60
 69.58
 34.87
128.90
 50.87
 69.19
 14.62
127.56
 19.16
 65.69
 11.07
 34.18
 12.72
 20.28
 17.06
 20.02
 11.31
 30.49
 10.44
 60.14
 33.06
 28.96
 18.04
115.24
 28.83
 11.87
 22.89
 36.74
 51.83
102.21
 13.88
 44.52
 35.26
 10.55
 52.58
 16.25
 17.10
 32.69
 24.79
 12.88
 12.45
 95.33
 19.65
 20.61
 79.64
 38.41
 63.61
 16.84
 23.52
 13.94
 64.20
 12.31
 11.54
 58.94
 14.92
 14.06
 83.91
 89.65
 96.01
 11.46
 78.55
107.07
 22.58
 20.63
 31.82
 23.05
 37.44
 59.84
 16.81
 41.66
 39.88
 15.72
131.51
 63.39
 15.82
 18.38
 16.81
 92.14
 22.06
 11.26
 14.58
 42.26
 31.38
 19.32
 10.95
 33.74
 25.10
 12.99
113.56
 17.77
 76.48
 33.93
 20.93
 14.81
 49.75
 16.52
 12.60
 57.82
193.12
 97.49
 14.70
 12.20
 27.35
 21.83
 13.19
 51.40
184.32
 21.42
 65.13
 80.32
 15.25
 80.97
 11.92
 69.21
122.90
 41.69
 15.18
 17.70
150.98
 54.33
 20.37
 12.24
 48.11
 15.11
 11.10
 12.06
 92.86
 61.61
153.31
 58.45
 83.13
 53.68
188.08
 12.42
191.10
 54.47
 18.23
 48.86
 16.32
 10.14
103.15
 10.63
 85.95
 94.15
 10.03
 54.25
 10.47
130.07
 11.75
 91.80
142.94
 31.23
122.63
 86.45
 27.42
 27.54
 37.69
 66.55
 28.74
 46.84
 22.40
 25.93
 10.01
 23.86
 17.99
 63.68
 11.35
103.76
 12.35
 10.84
 66.58
 11.81
 16.36
 99.88
 23.87
 26.06
 10.62
 73.60
 10.81
 19.31
 11.92
 29.68
159.77
 32.09
 16.51
 77.93
 11.80
 39.34
 71.13
190.36
 14.06
 17.78
 81.13
 16.79
 10.91
 33.04
 10.70
 32.07
 10.28
 20.03
 93.22
 22.56
 12.57
 10.81
 16.18
 10.23
 23.62
 15.79
 80.24
 15.15
 78.17
 15.60
 18.05
 19.36
 31.39
 11.64
 17.87
 18.06
 23.27
 22.01
 15.34
 21.61
 10.99
 28.48
 18.90
 71.96
 20.34
 23.34
 23.55
 37.84
151.44
 18.78
 25.44
145.26
 14.20
156.12
 82.23
 18.37
 10.53
 12.80
 10.69
 11.16
 18.08
 18.97
 16.35
 51.82
161.67
 57.22
 10.57
 31.94
 15.68
 12.42
 37.92
162.11
 27.82
 21.26
 16.39
 30.10
 14.84
 26.40
 24.32
 35.99
 19.18
136.58
 11.16
 38.54
140.22
 12.80
 31.29
 72.04
 19.87
 15.29
 10.03
 53.05
 21.09
 42.58
 60.14
 40.70
 11.73
 14.53
 11.74
 23.98
 88.42
 29.12
 54.99
 53.15
 27.74
 38.71
 10.36
 11.97
 14.64
166.24
 11.57
 62.28
 12.67
 13.84
 23.01
 17.44
 13.59
 73.25
 11.98
 44.54
 12.31
 14.18
 11.42
 16.20
 95.49
 14.62
 14.07
 11.79
 15.74
168.96
 19.82
 15.10
 22.41
 77.72
 68.67
 17.24
 16.13
 18.04
 18.48
 24.90
 99.63
 12.80
 22.31
 14.53
 77.63
 23.58
120.85
 30.47
 51.06
 12.55
 39.67
115.67
 14.76
 10.03
 20.13
 11.80
 13.01
 12.99
 40.73
 28.08
 46.12
 69.80
 10.52
 31.28
 24.61
 15.07
 33.84
 83.29
187.67
 23.73
 84.84
 14.13
 13.37
 49.19
 69.71
 14.65
 15.60
118.58
 98.92
 34.81
 34.68
 12.96
 13.79
 16.14
 18.79
 18.73
 13.24
 31.89
 18.73
 15.91
 10.01
 50.74
 33.93
 14.17
 16.06
 42.88
 16.20
 17.21
 60.71
 29.91
 38.05
 31.04
 37.89
 72.54
 55.17
127.38
 35.15
 17.39
 13.27
 10.73
 26.05
 15.26
 24.38
 18.75
154.34
 36.70
 43.89
179.88
 12.36
 17.56
 68.13
 25.55
 20.29
 69.47
 53.74
 11.35
 53.40
 47.08
 21.65
 90.27
 12.41
 28.64
 45.90
 15.08
102.98
 11.02
 11.84
 11.87
 26.23
 45.13
164.90
 14.77
 34.08
 17.50
 10.93
108.43
 25.88
 52.70
 13.39
 46.75
 27.65
 23.94
 69.30
 39.96
 31.19
 26.40
130.12
 62.65
 95.66
 11.32
 20.75
 63.21
 38.19
 71.91
 39.11
 27.94
 17.24
 17.57
 18.05
 18.20
 30.23
 24.45
127.29
 47.29
 56.41
 13.89
 94.90
 33.19
 11.78
 19.11
 20.19
100.00
 34.38
 10.29
114.37
 54.65
 35.85
 77.98
 29.21
 12.51
 13.79
139.80
 14.54
 34.24
106.47
 46.50
 19.07
 16.69
 18.09
 33.12
 15.27
 11.07
 12.68
 11.31
132.48
 47.80
 21.37
 27.71
 94.94
 14.45
 15.68
 25.40
 13.67
117.74
119.60
 26.29
 38.82
 37.38
 10.57
 35.97
 25.89
 13.22
 18.95
190.16
 32.22
 10.70
 11.45
179.24
 28.39
 47.73
 26.97
 10.51
 11.13
 10.63
 15.91
 25.84
 19.43
 27.36
 26.64
 16.39
 24.85
 12.70
 89.83
 31.26
 70.36
 28.67
 11.54
 68.11
106.26
 35.19
 56.91
 41.48
 13.11
 24.91
 12.40
 10.14
 12.91
154.91
 10.89
 14.61
 31.03
 25.17
 42.62
 23.24
 10.70
 18.84
 26.75
 12.04
 74.01
 68.02
 14.19
 13.89
 60.42
 12.86
 43.21
 38.60
135.15
 12.45
 46.01
 19.38
 23.66
 47.23
133.25
 46.22
113.53
 19.19
 18.55
 28.26
 91.24
 53.42
 19.07
 11.14
 53.19
 37.29
 16.74
 56.78
 13.00
 28.50
130.65
 11.31
154.11
 10.39
 17.94
 57.25
 42.00
 10.66
 11.69
 53.93
 12.00
 31.45
 76.03
 14.99
 28.13
 14.93
 12.13
 50.66
170.12
 13.08
 18.07
 14.64
 15.85
 21.79
 30.42
 12.12
 36.81
 10.92
 11.26
 42.03
109.25
 14.21
 56.28
 74.23
 12.20
 27.01
 49.86
 34.92
 64.32
 36.67
 18.48
174.53
 28.49
 10.09
 11.49
 15.98
 17.89
 44.78
 20.60
119.04
 88.45
 20.73
 11.26
 24.49
 22.69
 14.92
 96.59
103.17
 12.12
101.93
 10.00
 13.09
 10.92
 19.47
 18.73
 11.98
 45.94
 14.65
173.61
 21.76
 18.39
108.54
 10.24
 10.45
 39.85
 41.38
 89.29
 19.71
 15.01
 10.89
 80.13
 19.13
120.25
 13.48
 36.83
 16.50
 14.30
 34.61
 41.11
 96.64
178.07
 71.02
 16.98
125.66
105.79
 85.54
 22.64
 24.57
 13.74
115.08
 26.12
 79.90
120.55
 48.18
 27.34
 10.90
 10.19
 41.75
 34.73
 81.82
162.72
 16.20
 45.31
 15.50
 13.43
 55.12
 22.13
 20.34
 21.14
 20.04
 91.82
 83.73
116.18
 15.93
 53.99
 59.67
 18.39
 15.97
 42.18
 34.20
 11.85
100.42
 20.04
 12.37
 21.08
 12.40
 48.47
 14.09
135.92
 49.47
 26.51
199.04
126.34
 87.36
 19.74
 26.42
 22.18
 17.76
 10.10
 17.27
 17.31
 11.11
 17.28
 11.72
 11.20
 13.63
 22.23
114.03
 51.09
 34.65
 18.27
 16.01
 11.40
 61.24
 23.95
 10.98
 12.11
 23.30
 16.70
 21.17
 22.67
 22.21
 11.30
 24.83
 28.75
 11.90
 14.94
 14.90
 33.62
 41.58
117.23
 91.23
 15.55
 27.54
 39.65
 10.70
 14.08
 27.10
 13.13
 38.33
 45.10
 24.67
 29.74
 12.55
 25.66
 24.71
 12.58
 19.50
 21.11
 18.28
 19.91
 16.35
 17.29
 38.29
 87.98
 16.56
 12.16
 13.95
 14.88
 74.69
 64.30
 23.89
 14.75
 15.70
 96.97
 11.97
 36.39
 11.10
 14.73
 10.48
 31.98
112.72
 10.09
 33.46
 10.39
 19.17
 18.00
 31.12
 14.51
 16.19
 26.34
 25.24
171.92
 20.19
 22.14
 21.38
 20.19
 28.50
 17.58
 26.50
 64.02
 16.39
 28.44
 11.67
 24.21
 11.70
112.03
 16.04
 46.10
 11.70
151.58
 13.35
 25.09
 10.77
 19.18
120.60
 30.02
 23.20
 21.07
 30.77
 45.76
 19.77
 30.38
 36.18
 53.06
 12.05
106.39
 11.04
138.56
 26.45
 20.15
 35.64
 30.65
 37.19
 13.84
 16.99
 29.73
 31.81
 22.97
 82.14
 15.60
 16.42
 12.20
 12.33
143.60
 89.90
 51.53
 32.64
 54.01
 31.37
144.98
 17.51
 13.03
 79.43
 17.80
 10.04
 15.29
 23.96
 15.54
 12.86
 15.35
 12.67
 11.66
 21.21
 15.41
 13.07
 88.73
 10.36
 10.10
 16.74
 22.66
 17.23
194.15
 11.72
 67.91
 26.10
 28.48
 29.37
 26.54
 61.17
 79.88
 30.77
110.63
 61.65
 29.03
 13.12
 10.27
 51.20
 32.94
 38.52
 11.46
 29.67
 99.64
 23.20
 92.46
 13.62
 18.57
 27.71
143.23
 10.82
 60.92
177.62
 23.11
 29.77
 11.82
 13.94
 47.43
 15.50
 16.34
 34.96
 33.22
 11.59
132.14
 14.34
 18.68
 14.24
 26.31
 12.70
 45.61
 24.84
 14.05
108.18
 18.77
 21.62
 12.66
 15.20
128.84
 15.34
 69.59
 10.95
 13.73
 48.84
153.85
 11.33
 11.76
168.48
 13.97
 19.32
 36.95
 34.39
 17.20
 17.56
 11.73
 32.10
 16.20
 39.24
 70.46
 78.78
 47.25
 13.40
 95.17
 17.17
 20.03
 49.52
 57.41
 48.39
 11.46
 11.56
 11.24
 52.51
 66.33
 10.36
 18.68
 10.14
 10.33
 18.85
 10.75
 21.37
 22.25
 15.50
 39.54
 22.38
 13.13
 23.86
 11.83
 10.40
 32.75
 39.02
 72.86
 75.00
 15.11
 14.31
 11.00
 25.84
 74.41
 10.88
 11.19
 71.36
 32.03
 16.91
 31.54
 11.36
147.45
 69.44
 11.00
 15.69
 91.02
 83.48
 43.41
 16.65
 27.16
 40.73
 16.50
 15.15
 14.99
 21.58
 26.67
 14.34
 11.50
 19.29
 27.57
 12.01
 32.14
137.63
 73.41
 11.35
 14.85
 80.68
 10.34
 35.44
 17.02
 11.04
 11.60
 11.17
 67.30
 41.36
 90.88
 10.25
 37.19
 13.19
 80.21
 42.17
 44.52
 65.86
 32.68
 10.34
 13.17
 27.99
 71.10
 11.13
 28.12
 13.03
141.71
 74.65
151.45
167.12
135.96
 66.07
 17.89
 25.54
 34.83
 63.65
 96.36
 33.36
112.98
 13.03
 31.71
 13.53
 14.93
 10.17
 39.21
196.51
 14.77
 10.36
 18.55
 19.08
161.24
 16.75
 14.72
 10.14
 34.89
 27.50
 67.32
 14.68
 20.25
 33.20
 13.66
 21.20
 23.57
 14.13
 16.44
 32.57
 19.94
 15.48
 39.18
 27.34
 23.29
 19.84
 35.22
 37.41
 41.18
 16.32
 53.66
 19.14
 56.29
 15.05
146.01
173.06
 25.27
 60.94
 39.86
 52.08
195.89
 49.37
 30.51
 10.99
 10.87
 12.35
 20.10
118.64
 47.08
 68.28
 13.75
124.16
 41.38
 27.99
115.51
 39.50
 13.89
 22.11
 47.93
 10.54
118.17
 12.78
105.31
 56.69
 16.67
 10.51
 13.34
 53.37
161.63
 10.43
 15.72
 86.42
 13.98
 18.84
187.51
 14.49
 15.36
 27.31
 94.80
 43.22
 53.55
 22.28
 60.61
 24.99
 35.62
 12.69
 70.60
 11.01
 90.74
 15.67
 11.26
132.39
 29.43
 34.05
 21.26
 21.04
 11.21
126.96
 30.73
 28.43
 12.65
 11.02
 11.09
 39.62
 25.01
 14.46
 20.85
 23.66
 13.24
 12.95
 57.36
 26.40
 35.12
116.96
 26.55
 14.32
 11.93
 14.02
148.99
 43.04
 10.22
 97.53
 12.24
 12.64
 16.77
 29.81
 10.54
 13.73
 13.88
175.93
 87.37
 54.60
 17.40
 15.23
 53.03
 16.21
 35.50
 45.56
 33.49
 64.35
 43.64
 19.40
 22.99
 18.28
 24.47
 19.32
 44.08
 32.01
 98.92
 20.07
 20.68
 36.49
 67.98
 56.96
 11.54
 13.24
 29.31
 16.01
 17.46
 13.41
 37.38
 11.06
 11.50
 13.82
 27.94
 38.07
 10.33
 14.97
169.81
184.21
146.32
 25.95
 25.25
 17.40
 17.51
 33.87
 26.59
 20.03
114.70
 15.71
 11.85
171.10
 43.08
 59.55
 11.37
 57.97
 15.71
 23.79
 12.20
 26.24
131.35
 78.18
 12.00
112.74
 10.19
 16.19
 19.35
 22.01
 11.11
178.39
178.77
 23.34
 16.54
 38.37
152.05
145.94
 17.70
 27.95
 38.48
 16.69
 34.20
 66.60
 35.95
 27.77
144.63
 11.96
 18.33
 10.92
 41.68
 62.43
117.61
 57.84
 53.27
106.37
 38.74
 84.03
 13.28
 15.03
 59.13
 12.02
 17.05
 35.33
 10.67
 26.98
 33.21
 76.04
 44.73
 54.40
 24.94
 13.20
 62.17
105.74
 10.71
 57.28
 17.19
 11.49
 53.78
 13.21
 44.22
 21.26
 49.99
 56.93
 10.77
 11.06
 10.58
 18.47
 17.26
 46.75
 31.09
 10.52
 32.88
 12.66
 16.36
 72.94
 20.07
 50.70
 27.01
 33.18
 12.76
 19.78
 11.33
 10.08
 11.02
 11.65
 10.75
 14.06
 12.68
 11.27
 10.51
 30.39
 17.35
 14.17
 48.82
 25.32
 44.09
 22.91
 12.31
 66.54
 14.59
 18.57
 23.71
 10.76
 41.21
 25.83
 14.51
 11.36
 22.95
 27.87
 30.99
 18.07
 92.84
173.71
 20.02
 27.25
 22.51
 12.16
106.70
111.24
 16.06
 39.35
141.02
 76.55
 23.59
 24.03
 42.10
 52.49
 25.63
 73.47
 37.86
 23.96
 13.36
 47.30
 27.37
 14.22
 23.69
 69.95
 16.86
 29.84
 20.85
 17.27
 10.95
 14.11
 53.79
 16.24
127.79
 11.92
 13.60
 90.96
 13.33
 14.47
 50.13
 46.24
148.43
 80.74
 55.33
 52.47
 16.87
 46.73
 52.42
 23.28
 76.76
 92.65
 22.66
 19.18
 98.74
 44.69
 11.55
 20.43
 30.07
101.08
 11.72
 73.55
 19.86
 28.92
 14.40
 20.41
 36.84
 23.90
 11.81
144.42
 39.40
 11.41
 11.03
 21.80
 33.49
 77.74
155.05
 37.20
 39.60
 15.56
 16.97
188.87
 91.87
 13.71
 66.25
 22.22
 11.76
 21.10
123.93
 22.47
 62.10
 17.51
 18.72
 10.74
 15.93
 55.05
 27.64
 23.11
 18.78
 30.77
 62.75
156.94
 34.29
 15.27
 87.99
 24.66
 56.90
 28.45
 28.02
 19.23
 66.04
 65.24
 22.12
 10.25
 53.31
 23.57
 13.45
 15.21
 13.78
 12.75
144.02
 92.93
 11.97
 38.54
 73.90
 32.84
 21.74
160.00
 13.80
 28.64
 32.12
 21.26
 24.95
 55.22
 12.19
 10.35
 54.41
 14.91
121.15
 17.06
 16.42
 33.91
 22.57
 20.13
 31.90
186.31
 50.21
 14.28
 10.49
 14.56
 50.29
 10.27
 26.12
 46.05
 23.43
116.41
 17.98
 34.18
 90.64
 10.09
 17.24
 14.56
 15.08
 10.10
 33.62
106.27
 13.07
 11.81
 81.97
 13.20
 11.64
 97.46
 10.54
 46.10
 12.63
 14.82
 18.44
 83.79
 19.77
 21.55
 47.22
 14.04
115.39
 14.36
 47.19
 24.01
 27.91
 23.77
 16.22
 17.22
 59.23
 23.51
 88.16
 44.80
 59.25
110.68
 11.75
 28.20
 22.76
103.68
 11.63
 43.26
 13.54
 10.68
 12.51
 16.89
 13.37
 50.25
 72.96
 46.44
 33.98
 30.10
 23.63
 17.89
124.51
 17.73
 11.82
 13.52
 43.35
 28.09
181.36
 52.20
 23.18
120.01
 11.54
 47.12
 13.25
 46.51
 31.86
 13.42
 18.29
 37.93
 12.76
 10.61
 22.60
 23.55
 19.47
 30.71
 15.96
 65.11
 11.13
 24.80
 13.87
 11.50
 18.92
 20.19
 82.65
 23.96
 15.63
 82.43
 12.77
 27.96
 73.51
 12.72
 74.42
105.47
124.30
 11.48
116.98
 90.18
 21.85
 32.98
 85.87
 11.66
181.03
 41.55
153.16
119.37
 13.64
 24.09
155.25
 10.63
 53.04
 15.51
 50.99
 16.86
 17.70
 18.70
 11.12
 57.92
 81.14
 16.19
 11.65
 10.71
 31.82
135.46
 17.26
 79.24
 31.41
 21.20
 29.88
 58.10
 16.10
110.38
 38.23
 59.16
 24.49
 38.59
 16.14
 50.89
 12.27
156.65
 71.07
117.62
 12.26
 40.00
 51.05
161.30
 13.86
 20.23
 82.33
 10.48
 81.90
141.27
 12.22
 46.86
 38.91
 13.82
 14.84
 25.12
 19.96
 14.80
 16.20
 70.50
177.05
 79.21
 18.92
 17.20
 17.53
 55.45
 28.59
 25.07
 94.13
 12.91
 39.99
 99.35
 19.90
182.14
 46.66
 22.85
 18.73
 15.49
 14.16
 10.60
 93.77
 19.70
 21.54
138.62
 22.44
 19.93
 16.94
 16.84
 10.71
 12.42
 19.44
 26.00
 11.02
 21.50
 99.01
 11.97
166.97
 14.69
 22.03
 23.72
 11.00
 92.58
 14.39
 10.05
 15.30
 10.66
 13.19
 20.20
 47.75
 15.36
 32.73
 13.19
 10.44
 30.08
 45.47
 17.18
 19.29
175.96
 53.33
 27.63
 44.90
 14.42
 13.84
 21.32
 19.35
 16.86
 22.66
 20.34
 19.94
 91.25
 26.91
 21.09
 15.41
 32.66
 17.32
 39.48
 15.01
 46.74
 87.96
 26.42
 11.02
 17.36
 13.60
 25.37
135.04
 21.56
 34.69
 73.02
 65.97
132.55
 18.51
 15.62
 87.61
 11.03
 12.29
 49.92
 15.34
 12.44
 13.88
 83.81
103.27
 17.39
 10.99
 20.43
154.55
 46.90
 41.12
 50.10
 12.79
 19.45
 21.30
 13.89
 10.60
 30.32
 18.72
 24.68
 23.41
 78.68
 23.61
 25.75
 12.55
 29.94
 36.48
 52.99
 26.51
 17.04
 73.39
 66.37
114.56
183.26
 22.44
 13.16
 17.04
 62.85
 43.51
 50.64
 52.55
 82.25
 10.48
 44.43
 11.22
 47.91
 10.10
 49.53
 13.96
 12.01
 17.17
 20.47
 11.15
 24.44
 43.23
 19.43
 53.39
 69.15
 43.21
 23.80
 10.52
 19.15
 13.06
 13.23
 11.76
 42.57
 52.28
 29.35
 35.60
 48.15
 12.75
 41.73
 16.59
 18.80
 24.82
 16.69
 12.34
 14.62
 21.37
 52.14
 29.86
 16.56
 57.91
 13.57
 83.95
 51.04
 14.23
 23.50
 28.04
 10.53
 10.01
 24.61
 32.77
 21.55
 10.08
 12.81
 74.95
 10.07
 42.66
 64.61
 13.75
 11.94
107.79
 44.86
 15.10
 18.60
 25.94
 35.25
 59.03
 27.77
 12.31
 32.51
 48.74
 18.63
 19.31
 14.17
 67.07
 12.95
 16.93
 15.25
 20.31
 40.78
 34.40
114.30
 30.65
 27.39
 11.09
 72.83
117.64
 12.73
 20.46
 49.44
 14.85
 30.42
 41.47
 10.71
 15.79
 10.68
119.33
 13.39
 13.25
 21.11
 12.63
 29.86
147.99
 20.27
 35.34
 10.53
 21.14
147.57
 51.66
 10.44
 11.22
 16.55
 16.67
 89.67
 49.62
 42.37
 20.39
 10.09
 24.28
111.90
 12.15
 32.84
 38.37
 51.49
 12.53
 12.68
 39.06
 10.28
 13.27
 21.27
 37.61
 11.36
 11.32
 27.02
 59.37
 13.65
 16.86
 16.82
 44.37
 15.55
 57.67
 23.69
 40.98
 54.02
 20.29
 14.67
197.28
 11.26
 59.69
 10.95
 24.98
 41.69
 18.76
 11.73
183.98
 10.59
 17.19
 20.62
 46.73
 16.14
 16.50
 12.51
166.48
 70.74
 15.21
 45.77
 22.77
140.38
 23.46
 17.38
 15.68
 12.50
177.47
 91.60
 19.93
 10.22
 15.09
 19.59
 69.47
128.46
 24.13
 29.07
 47.87
 22.04
 17.70
 12.38
 11.50
 16.82
 26.53
 10.46
 33.60
101.19
 12.96
 87.90
 10.59
 12.26
 68.77
 21.55
 10.36
 10.71
 90.31
 53.16
 13.20
 16.26
 23.04
 63.65
 18.10
 13.30
 16.67
155.87
 13.85
 58.16
 32.87
 73.33
 43.02
 24.54
 46.18
112.49
 14.47
 29.66
 15.53
 10.37
 13.50
 56.25
 22.59
 12.48
 67.31
 11.20
 14.93
 12.33
 30.07
 17.57
 93.23
179.71
 18.01
 10.54
 11.24
 21.60
 12.53
 15.66
 19.54
 12.99
 33.77
 10.46
 24.22
 55.61
 20.94
 59.00
 28.98
 36.50
 11.27
 10.00
 84.65
 23.89
 31.39
 14.99
 19.35
 14.92
 12.94
 15.41
 13.25
 53.28
 13.05
 15.78
 12.34
 10.37
 54.90
 46.37
 21.28
 20.18
 21.08
 30.79
117.74
 17.82
 50.97
 30.04
 10.83
 42.43
 45.71
 15.88
110.14
 12.22
150.59
 19.61
 13.06
 35.17
 15.99
 25.22
 81.34
 29.84
 29.23
 20.64
 14.47
 27.01
 63.50
 12.16
 12.13
 23.56
 16.04
 18.65
 87.16
 85.31
 12.60
 66.44
 27.01
 18.39
 47.54
 84.52
 66.16
 17.46
169.61
 55.03
 22.29
 68.60
 47.76
 26.93
 77.15
100.72
 66.83
 10.97
 43.96
135.93
 64.56
 23.28
 47.70
 47.60
 25.64
 11.07
 30.58
 27.36
173.60
 45.24
 65.34
 12.94
 18.51
 32.99
 28.45
 15.14
 22.88
 17.34
 16.34
 11.62
 11.19
 39.27
 12.07
198.47
 23.32
 12.06
 28.44
 11.71
 30.81
 13.39
 17.15
117.83
 17.55
 14.71
 17.97
 68.76
 10.74
 41.47
 24.11
 18.95
 15.21
 13.93
 51.40
 90.33
 26.66
 23.80
 41.18
 22.04
 19.03
 12.40
 11.64
 13.01
 23.45
 26.25
173.99
 11.02
 17.02
 37.24
 27.69
 18.83
 36.15
 16.00
 23.87
 20.93
 32.80
 10.72
 11.31
 11.86
 87.54
 46.96
 14.72
 18.96
 12.39
 14.89
 22.36
 46.11
 39.55
 44.72
 18.48
 40.79
 22.21
 15.95
 26.28
 46.24
 11.72
 10.92
 26.27
 60.12
 11.43
 72.09
106.35
 60.24
123.53
 18.45
 36.07
 11.49
 29.08
 23.93
 19.83
111.81
 86.96
 20.49
 68.25
 16.34
 19.60
156.66
 21.71
 15.07
 13.72
 16.99
 13.70
 12.06
 77.24
 12.58
 29.94
 24.63
 13.15
 13.97
 57.79
 26.48
 10.76
174.37
 30.55
 22.93
 22.68
 14.66
 16.18
 13.76
 26.37
 16.28
109.36
 35.33
 46.65
 33.82
 12.33
 38.77
 13.80
 79.67
 72.72
 43.45
 15.71
 14.11
 17.91
 45.95
 25.69
 46.78
 19.09
 89.48
 20.96
 19.61
 10.57
 26.32
113.09
 21.15
 18.04
 68.21
 13.77
 48.60
 15.84
 22.16
 18.57
 12.33
166.26
 32.83
 14.64
 15.94
 35.47
 57.89
 47.04
 12.70
 48.88
 12.59
 12.55
104.61
 26.21
 13.97
 16.84
 13.62
 10.03
 41.30
 11.35
 55.19
 12.35
106.41
 95.97
 13.05
 26.66
 23.73
 31.93
 17.56
 43.23
 14.25
 10.49
113.61
 13.07
 10.82
 12.21
 10.48
 12.79
102.92
 16.51
 13.71
 18.78
 14.48
 19.16
 10.90
 12.15
 14.93
 60.50
 94.54
 14.13
 65.76
 22.60
 11.78
 12.62
 21.48
 10.08
 53.58
 48.14
 21.63
 37.20
 11.72
 16.71
 49.97
 11.94
 12.79
 43.06
114.28
196.85
 11.12
 55.03
 30.19
 23.35
 11.81
 25.10
 43.09
 11.28
136.03
 13.40
 75.04
 11.30
 30.23
199.05
 15.75
 12.04
 84.68
 29.32
 24.52
 10.37
 34.53
 14.77
 13.37
 34.98
 80.91
 22.82
 47.44
 78.97
 12.18
 21.83
 13.70
 90.29
 22.25
 33.28
 21.43
 20.66
 27.89
 25.31
 10.90
 15.26
 20.74
 19.59
 11.87
 13.70
 33.10
 18.76
 24.45
 10.37
 16.10
 11.68
 27.84
 19.93
 53.05
 11.12
 27.19
 57.68
 12.72
 20.95
 11.11
111.91
 82.13
 17.27
 10.47
 17.67
198.21
 29.49
 20.96
 49.95
 20.79
 18.64
 12.54
 20.73
 26.15
 18.88
 10.92
 36.99
141.37
 79.24
 53.97
 14.81
 82.31
 12.84
 18.55
 10.63
 11.03
 13.34
180.94
 11.78
 10.63
 76.42
 23.31
 10.54
 40.60
 10.55
118.19
 20.17
 37.84
173.13
 14.04
 87.24
 21.61
187.48
 29.93
 16.37
162.23
 86.99
 10.87
 32.64
 10.02
 33.04
 78.33
 28.25
 10.07
 24.52
 16.89
113.09
 42.46
 11.25
 27.97
 12.06
 12.21
 30.06
 15.56
 85.20
 41.94
 26.32
 14.25
 24.60
 21.28
 51.47
172.30
 31.27
 33.98
 70.68
 11.64
 64.39
 14.50
155.03
 82.00
 30.39
 50.27
 36.46
 18.24
 14.13
 23.96
136.40
 11.05
145.92
 45.35
 29.52
193.19
 10.54
141.23
108.32
 70.74
 12.11
 10.52
 23.78
 26.99
 17.11
 10.23
190.49
 11.14
 25.20
100.86
 25.37
 48.40
 10.46
 13.14
 12.67
 41.83
 91.91
 19.59
 39.25
 15.24
 10.22
 68.81
 16.61
 10.05
 25.84
 89.98
 13.90
 12.08
 23.00
 24.92
 16.25
 50.59
 18.94
 41.92
105.92
 10.75
 13.47
 12.98
 28.38
 32.72
 29.56
 81.84
 55.70
 13.89
120.25
 17.40
 13.41
 15.83
 21.82
 48.51
 22.39
 38.68
 10.51
 39.02
 29.47
 16.17
148.70
 73.49
 15.27
 67.78
 38.94
 67.35
 68.28
122.40
 12.64
 52.47
 15.46
 18.57
 34.30
 28.40
 53.02
 37.67
 14.44
 12.68
 41.41
 56.40
 11.22
 16.13
 17.65
 12.11
 10.43
 13.64
 19.92
 18.71
 38.62
 19.38
 22.32
 24.49
 20.60
 12.17
 58.53
 15.47
 37.78
 13.18
 37.58
 36.38
 78.68
 11.15
 22.35
 89.32
 15.20
 10.64
 17.53
 49.81
122.46
 10.18
134.03
 19.08
 13.53
 10.85
 15.98
148.64
 19.65
 45.60
109.90
 21.37
195.07
108.43
 20.01
 15.88
 64.17
 52.38
 47.59
 12.42
 13.50
 23.47
 50.68
102.79
 54.66
107.77
 21.85
 62.82
 43.13
 12.34
 33.12
 23.10
 11.54
 11.48
 10.05
150.84
187.62
 95.89
 31.71
173.65
 18.22
 17.33
 15.65
 23.75
 10.17
 10.01
 11.30
 29.93
 19.16
 24.32
 12.45
 26.83
 11.71
 14.35
 14.59
 34.08
 80.07
 11.94
 50.51
 12.56
 28.12
 14.69
112.74
 11.78
 48.92
 64.20
187.65
 72.69
 14.92
 12.61
 18.89
105.65
 16.21
 57.61
 15.94
 55.45
 88.17
 35.47
122.92
 49.26
 29.65
 62.17
 10.37
 28.99
 59.75
 41.65
 41.63
 26.21
 29.31
159.26
126.07
 10.46
 56.00
 40.84
 13.11
 10.03
 10.62
 26.51
 27.10
 29.04
 12.57
 24.35
 11.39
 21.41
130.68
 62.46
 72.63
 19.46
 12.21
 16.50
 32.02
 79.82
 14.28
 21.28
 13.79
 61.81
 11.98
 72.41
146.60
 42.78
 61.59
 19.61
 97.81
 53.26
 18.54
 13.54
 23.90
 13.73
175.21
 45.14
 36.08
 19.03
 11.77
 21.23
 11.09
 55.41
 73.35
 27.70
 11.64
 10.76
 69.36
125.52
 10.31
 23.64
 36.19
 11.01
 16.81
 25.85
 20.95
 18.71
 10.12
121.12
 10.43
 47.87
 44.93
 19.17
 12.64
 31.20
 41.74
 28.48
 21.71
 18.07
 24.59
 62.74
 10.54
 51.37
187.05
 14.38
 34.16
 56.82
143.96
 12.03
 11.97
117.35
 95.31
122.66
115.76
 14.94
 36.61
 58.36
 34.09
 51.23
 27.00
 80.15
 60.61
 20.10
 29.18
 12.72
 66.57
 22.32
 17.83
 33.39
 17.82
 12.10
 10.49
 23.60
 65.09
 27.04
 12.75
 36.31
 20.35
 11.57
 50.56
 21.64
 21.86
 16.01
 19.36
 65.00
 12.37
 15.19
 27.54
 11.25
 53.13
 11.19
133.36
 86.47
 13.20
 65.07
 28.84
 27.30
 53.74
 13.93
 11.11
 13.44
 13.87
151.96
 40.27
 61.15
 19.45
 25.60
 12.55
 12.63
 14.72
 65.99
 68.19
 18.30
 14.45
 42.15
 33.46
 17.91
 17.53
 16.83
 22.69
124.57
 39.75
146.82
 13.09
 22.92
 40.41
 11.07
170.85
 50.03
 29.61
 68.99
 87.89
 29.81
 17.12
 22.03
 28.34
 10.65
 40.86
 20.08
 10.93
108.99
 22.77
 44.96
127.31
 11.22
 21.63
 23.85
 21.18
101.84
 15.38
 47.18
 78.73
 12.18
 20.10
 21.98
 95.30
 26.78
 76.01
 10.89
 17.76
 33.79
 26.77
 20.55
 10.57
 13.66
 59.25
 57.60
 21.47
 38.38
 17.66
 19.53
 40.93
 20.29
 15.25
 21.22
 13.27
 12.02
 34.45
 21.38
125.45
 49.77
 11.44
 15.36
 19.78
 14.60
 11.55
 20.84
 10.95
 15.00
 47.69
 27.60
 59.88
 21.41
 30.85
 62.21
 16.62
 16.06
 16.81
 12.78
151.94
 11.94
 18.67
 75.84
 24.29
 10.70
 19.81
 73.55
 49.48
 12.92
 17.57
 17.50
 40.01
 37.10
 13.52
 32.58
 17.35
 31.69
 14.25
 16.25
 27.06
 12.57
107.65
 71.15
 86.25
140.94
 27.04
 47.98
 22.12
 28.52
 38.07
 10.11
 42.93
 92.52
 10.91
 34.05
 40.34
 10.30
 10.76
 14.05
 64.43
 13.68
 13.21
 37.32
 11.32
 61.30
 11.30
 55.29
 23.22
148.89
 14.57
 11.35
 13.45
 36.16
 33.05
 15.97
 18.26
127.51
 38.00
 19.49
123.91
 12.47
 19.59
 16.23
 11.98
111.82
 16.89
 10.44
 32.15
 35.84
120.91
 34.84
 41.37
 14.10
 75.30
 44.69
 51.17
 12.89
 19.94
161.87
157.77
107.76
 79.51
 33.68
 62.05
 54.75
 39.12
 26.31
 46.60
 34.50
 11.86
 12.22
 23.11
 48.95
 72.79
 24.09
 18.97
 36.69
 11.36
143.03
 16.20
 12.82
 18.90
 47.94
126.41
 24.90
 27.58
186.49
 12.80
 17.39
125.89
 19.75
 78.29
 19.35
 53.41
 33.69
 67.79
 10.75
105.54
 21.46
 32.97
 49.50
 15.01
 55.70
 47.15
 12.22
 52.63
 12.41
 82.53
102.73
 16.00
 13.90
 13.56
151.26
 71.29
 12.16
 12.93
 21.87
 30.12
 32.33
 19.28
 11.49
 34.01
114.77
 34.59
 29.35
 17.14
 10.41
 23.52
 21.79
 12.31
165.28
 15.02
150.90
160.65
 13.44
 23.58
 48.13
 12.83
 18.47
 75.68
 11.06
 29.58
 22.20
 35.17
 62.08
 30.41
 14.21
 19.00
 33.06
 29.06
 11.28
 12.00
 19.42
142.87
 17.74
 12.46
199.01
 10.16
 17.75
 20.28
 20.75
 16.85
 42.93
 74.88
 21.16
 32.90
 46.76
 13.43
 46.10
 10.15
 44.65
108.44
 10.59
 61.81
107.66
155.42
 15.59
 15.67
 20.15
 10.98
 12.11
 20.41
 12.15
 14.20
 14.49
 13.59
183.49
 12.92
 87.80
 88.87
 41.39
 59.69
 30.87
 96.38
 23.19
 11.55
 21.81
 12.73
 28.55
 13.73
105.01
106.34
 10.12
 62.09
 18.28
 47.53
 18.20
 10.15
 29.57
 20.30
 46.39
 18.61
 13.31
 17.73
 16.71
 18.71
 10.90
 13.32
 20.08
 11.90
 17.58
 19.97
 41.35
198.97
 10.20
163.40
 26.49
 15.94
 12.47
 42.24
 18.59
 22.94
 11.69
 12.24
 22.46
 29.54
 12.74
184.17
 51.93
 13.08
 15.54
 11.26
 15.85
 39.86
 64.97
 13.18
 17.64
 23.49
 17.49
154.05
 10.37
 23.33
 30.95
 10.43
 26.56
 18.25
 12.96
 35.21
 12.61
124.68
 29.46
 68.42
 24.64
 14.89
124.83
 47.02
 25.96
 15.10
 24.63
 17.72
 49.78
 40.15
 82.54
 40.51
 11.30
125.06
 17.66
 36.60
 15.18
 75.05
 24.14
 11.24
 23.72
 11.45
 11.13
 12.54
 19.96
 19.46
 55.38
 21.70
 12.96
 35.60
 63.19
111.29
 23.85
 11.93
 56.81
 14.91
 62.58
 25.58
 18.65
 16.97
 18.57
 13.15
 43.05
 15.53
 35.54
 28.02
 74.30
 11.91
 15.33
158.57
 10.90
 31.91
 35.07
 26.58
 16.57
 23.55
 18.18
 13.33
 10.96
 26.02
 39.34
 47.91
 10.47
 11.93
 14.76
 16.55
 61.74
 15.34
 10.13
 42.60
 14.20
 13.34
 20.90
 20.91
 34.28
 10.67
 12.26
 19.08
 12.13
 42.18
 58.11
 11.37
 18.88
 12.49
 37.08
 17.48
 47.29
 10.47
 52.43
 11.40
 32.71
 17.80
190.34
 42.55
 60.42
 18.34
 16.14
 34.63
 24.56
 15.02
 17.40
 50.11
 55.26
 24.78
150.54
 43.93
 17.53
 16.04
 43.41
 10.88
 15.66
 10.07
 85.00
 25.88
 11.07
 12.94
 12.28
 17.19
 43.54
129.45
 18.75
 42.74
 28.18
 14.92
 11.37
 36.79
 67.78
 17.77
 25.84
 36.19
 12.59
 19.35
 27.75
 11.17
152.94
 13.17
 27.59
 18.33
 31.68
121.49
 38.01
 16.85
 10.30
 28.84
 28.81
191.10
131.58
 58.23
 11.28
 42.03
 38.56
 36.22
 11.01
 17.69
 15.24
 34.06
140.46
 10.47
 27.28
118.87
 10.11
 11.71
 38.64
 13.81
 15.00
 11.33
 55.22
 32.70
 13.16
 15.61
 48.89
 80.83
 60.63
 12.71
 13.69
 10.46
 10.97
 10.79
 15.44
 25.63
 17.83
 86.88
 12.73
 33.74
 17.66
 36.95
 40.24
 18.25
 16.04
 50.88
 18.10
 12.98
181.06
 15.29
 11.99
 31.13
 16.06
 42.24
 12.03
 38.61
 20.92
103.31
128.73
 22.43
 11.18
 29.49
 26.52
 13.26
 12.28
 43.86
135.97
 19.40
 14.87
 13.78
 12.88
 11.22
 31.37
 34.57
 28.00
 15.02
146.93
190.99
 20.64
 22.15
108.92
134.28
 34.24
141.59
134.49
 16.78
 97.30
 30.41
 10.59
 61.61
 22.45
 10.82
 22.85
166.01
 14.80
 22.82
 16.00
185.49
 36.28
 22.23
 50.00
 11.25
 15.02
 15.88
 11.45
 10.44
 32.18
 27.32
 35.80
 66.31
 25.24
 48.61
192.45
123.07
 41.33
 56.69
 12.79
 93.08
 97.79
 43.05
 55.20
 26.32
148.44
112.66
 43.30
 28.89
 13.35
 34.78
 23.26
102.99
 11.42
 17.62
 53.72
 41.19
 11.97
 12.31
 14.30
 17.91
 22.98
 10.10
 10.87
 27.22
170.75
 39.79
 13.59
 68.82
 24.74
 31.35
 22.31
 18.65
 46.89
116.07
 13.91
 12.74
 23.93
 38.28
 14.81
 57.40
 18.31
 18.16
 12.15
 24.57
106.90
159.59
 34.47
 35.43
 31.16
 29.00
 11.48
155.02
109.20
 20.93
 85.99
 21.92
 22.16
 55.90
 53.10
 13.86
 43.54
 19.47
 19.57
 93.23
 51.25
 25.89
 12.35
 19.50
 69.58
 10.68
126.15
 31.39
 17.20
 16.43
 35.50
 10.90
 13.44
 10.49
 39.27
 55.76
 19.53
 50.43
 46.91
 50.02
 17.73
 22.08
 11.15
 27.76
 12.49
137.34
 20.27
 25.16
 33.29
 19.86
 27.14
 84.68
 13.07
 27.47
 23.51
 13.45
 24.08
 11.81
 13.53
 12.95
 11.61
 40.89
 18.34
 25.81
 20.76
 10.81
192.31
 20.12
 37.00
 73.35
 62.09
 88.54
 32.78
 11.51
 10.87
 23.25
 13.68
 14.99
 10.47
 14.27
195.19
193.96
 27.84
 17.58
127.82
 30.84
 46.27
 36.23
 17.02
 19.11
 10.72
 51.27
 27.45
 24.73
 27.71
 10.93
 22.07
 16.85
 46.00
 24.85
 98.36
 73.46
 50.11
104.83
 59.84
 28.36
172.25
 38.70
 23.39
 19.27
 11.14
 15.13
 35.89
174.30
 10.78
 13.43
 13.27
 20.65
 30.59
 18.68
 11.27
 23.59
 52.28
 77.30
 50.29
 64.04
 79.76
 16.18
183.82
 13.81
 10.50
129.95
 28.50
 25.11
 35.85
 53.76
106.28
 32.06
 20.96
 16.43
 17.20
 28.98
102.50
 18.24
123.82
 30.23
 40.17
 16.83
 10.83
 21.31
 17.03
 13.52
 40.40
 18.32
 10.93
 45.54
 28.30
 44.42
113.07
 14.83
 28.97
 16.57
 25.15
 15.83
 28.55
 10.47
 28.34
 15.68
 36.94
 31.74
 11.55
107.02
 13.23
 11.04
 11.05
142.28
190.44
 11.45
 13.01
 14.15
 23.50
194.92
 12.31
 32.49
 93.11
 15.90
 11.95
 31.98
 16.68
 36.15
 15.15
 19.01
 15.29
 57.22
 33.73
 10.02
183.27
 15.51
 42.08
 26.14
 68.43
 15.95
 14.98
 10.02
 12.10
 47.12
 10.15
 47.93
 16.25
 26.20
 23.16
 33.38
 10.53
 30.88
 25.52
 53.44
 44.71
 45.74
 18.18
 32.93
 86.43
 13.28
 18.75
 19.62
 39.90
 32.64
 97.69
 23.30
 87.81
105.26
 16.35
147.08
 69.08
 21.86
 27.22
 10.19
 23.39
 27.97
 10.55
 20.38
156.80
 30.69
 49.04
 12.27
 11.86
 29.43
 19.58
 10.53
 36.04
 39.41
 41.80
 46.25
 16.98
 29.98
 89.99
 33.77
 26.11
 15.18
 14.68
111.76
 14.63
 11.42
 11.95
 57.47
 90.77
 14.76
 10.80
 30.76
110.33
 19.82
 18.32
 12.84
 12.86
 37.56
 11.48
 29.41
 29.90
 43.59
 43.06
 50.79
147.09
 31.73
105.26
 45.09
 18.64
197.54
 33.61
 32.11
 12.60
 11.15
 17.40
 36.20
141.85
 44.13
 20.22
 11.68
 30.75
 11.97
 11.18
 34.16
 77.43
 16.61
 13.11
 20.44
 16.72
128.58
 51.97
 66.36
 39.62
 10.61
 10.10
 11.33
 17.12
 89.10
194.86
 40.72
 63.00
 22.23
 27.73
 13.12
 70.56
 62.82
 29.44
 10.25
 40.40
 17.28
104.82
 19.76
 22.64
 79.34
 38.70
 20.08
 60.99
133.63
 12.49
 83.40
 17.07
 21.24
 21.60
 33.89
 19.60
 13.15
 11.73
 13.79
 26.71
 14.76
 42.21
 11.60
 23.53
146.53
 39.98
171.56
 24.59
 11.29
 18.20
 30.86
 78.37
 29.24
 64.68
 13.48
 24.59
 82.23
 60.59
 78.59
 12.37
 53.08
 10.19
 10.31
 21.75
 13.62
 10.45
 13.66
 23.78
 42.57
 17.39
 12.45
 14.96
 35.20
 42.77
 30.69
 56.21
 10.51
 10.35
 59.47
 11.21
 11.06
 22.54
 25.16
 15.68
 31.23
 56.30
 41.71
 92.74
 26.94
 43.23
 12.50
111.89
 12.91
 18.06
106.50
 75.76
 16.39
 36.39
 51.56
 40.01
 14.73
 17.30
 28.29
 31.38
 42.29
112.58
 74.10
 61.21
 13.38
 62.47
 22.82
 11.66
 72.48
193.13
 13.92
 11.71
 13.59
 14.66
 15.23
 20.95
 33.18
 22.66
 16.87
 14.73
 16.95
101.84
 14.66
 53.11
 23.17
 16.96
 14.79
 59.17
 10.74
 14.13
 31.78
 12.12
 55.78
115.86
 14.45
 11.74
 55.38
 20.33
 40.38
 12.16
 43.95
 10.52
 20.03
 25.71
 80.83
 11.47
 49.22
 10.44
 10.52
 17.57
 12.99
 19.09
 12.45
 12.50
 15.03
 19.25
 12.98
 10.75
 24.51
 11.73
145.92
 34.63
 15.94
193.22
 72.31
 22.22
 88.86
105.19
 27.52
 18.91
 26.84
 24.84
 10.30
 78.17
 19.78
 11.56
 21.04
 31.16
 45.89
 10.87
 14.67
 66.78
 12.26
 49.45
 29.32
 79.05
 31.45
 41.58
 28.83
 26.78
 16.28
 74.57
 65.28
175.34
 15.73
 27.69
 25.08
 23.20
 47.24
 83.93
 18.35
 21.28
112.82
 38.20
 15.57
 25.62
 11.68
 29.41
 34.91
 38.67
 26.10
 98.06
 43.85
 16.95
 11.74
 28.72
 13.52
 11.76
 26.72
 18.43
 38.94
 11.82
 12.48
 85.36
 60.35
 13.37
 12.97
 15.05
181.27
 38.49
 25.57
 13.67
 15.67
132.55
 15.00
 16.91
 27.54
 86.22
 16.71
 65.16
 17.84
 11.16
 61.76
 15.12
 43.47
 12.73
 31.42
196.80
 88.68
110.76
 28.21
 10.82
 13.64
 12.14
 14.60
 16.44
 12.24
 46.77
 10.24
 48.92
 39.53
 67.32
 17.24
 52.93
 22.36
 12.58
 12.46
 46.18
 43.41
 14.36
 86.99
170.17
 38.45
 22.45
 18.38
 18.20
 36.47
 14.39
 25.63
 31.98
 22.72
132.35
 11.84
 42.49
 25.22
 12.42
173.91
 46.73
 11.74
 36.37
 28.44
 22.42
 22.41
 18.19
 19.22
 12.30
 32.56
 12.90
 11.31
137.76
 89.96
 57.08
101.64
 39.64
 11.71
 46.03
 29.09
 34.07
 41.10
 56.66
 16.19
 10.79
119.06
 11.12
151.49
 22.56
 19.64
 30.16
 10.82
 22.10
 42.52
146.26
 13.73
 10.85
 14.29
 11.67
 23.58
 94.12
 68.53
 10.78
 33.97
 28.53
 53.43
 31.43
 36.55
 19.86
 22.82
 64.95
 37.79
 10.82
 19.05
 22.29
 15.44
 21.93
 19.35
 65.81
 53.77
 64.80
 99.18
 16.19
 17.08
 57.78
 28.91
110.64
 19.21
 71.96
 51.77
 13.16
 11.19
 18.31
 13.20
 38.20
 85.43
 35.88
 13.34
 38.80
 72.38
 21.64
 28.30
 35.27
 71.62
 22.43
131.84
 18.90
 38.62
 38.47
 12.93
 24.08
 63.11
 25.75
 22.06
 11.74
 18.16
 30.97
 10.28
 28.71
 90.46
 11.29
 12.53
 24.39
 16.01
100.78
133.09
 12.88
 73.37
 33.65
179.87
 41.71
 25.78
 15.41
 79.23
 47.64
 15.27
 19.94
 73.76
 85.35
 16.74
 90.77
 24.32
 10.99
 17.42
154.74
 59.50
 19.31
 16.79
 13.35
 58.31
 41.75
 12.05
 11.45
 11.28
 35.37
 11.13
 68.41
195.83
179.61
 51.09
 34.11
133.31
101.83
 91.45
102.14
 92.53
 15.99
 51.05
 21.59
 47.67
 11.42
 30.46
 54.65
 49.06
 32.11
 60.35
 11.45
 20.12
 18.59
150.64
 35.05
 35.57
102.54
 21.54
 28.48
 26.85
 44.84
126.51
 11.92
177.54
 20.42
 13.09
 19.94
 93.73
 15.85
 21.76
135.62
124.22
 13.66
 28.36
172.88
 61.63
 42.06
 16.27
 29.12
 17.63
 42.72
 14.61
 84.13
 13.14
 20.03
169.22
 42.14
 16.97
 44.14
142.29
 12.40
 16.10
 10.51
 15.24
 12.56
 26.62
 10.61
 26.16
 30.17
 13.12
 17.00
 11.25
 42.64
 12.65
 18.13
 15.01
 14.45
 14.12
 11.16
 99.05
 12.38
106.48
 38.24
 17.84
 27.74
 19.38
 10.71
 97.82
 11.88
 34.48
145.37
 10.78
 12.32
 10.74
 50.03
 21.47
 15.61
 14.09
189.38
 20.61
 26.15
 27.39
 11.20
 13.24
 78.99
 11.99
 11.47
 36.08
 65.46
 28.76
 20.21
 29.98
 12.37
 46.71
 69.76
 49.03
 97.14
 15.06
 13.88
 17.12
 11.93
 27.08
 23.02
 73.32
 25.47
 64.04
 25.51
 10.68
 17.22
162.06
 12.51
 14.08
 44.78
 10.98
 15.90
 17.49
 49.21
 22.37
 20.26
 48.46
 32.98
 29.95
 14.13
 10.44
 16.03
 24.73
154.96
170.76
 28.62
 10.10
 27.01
 26.95
 10.18
 57.95
 10.96
 18.31
 17.70
 46.56
 55.93
 10.76
 20.18
 10.15
 18.98
 10.30
 67.40
 86.93
 11.37
 42.25
 19.09
 58.31
 21.69
 36.02
 11.37
 11.27
115.30
 19.77
 75.15
 16.27
 94.63
 31.43
 23.33
 49.60
 13.90
 12.42
 52.02
 29.44
 14.51
 10.67
 13.43
 20.97
 41.12
 10.76
181.87
 11.12
 14.02
 26.57
146.41
 14.22
 10.44
 15.95
 22.65
 13.28
 32.64
 29.81
 10.52
 10.54
 35.96
 16.82
 32.23
 11.68
 19.36
 27.23
 12.41
 60.02
123.07
 99.62
 26.71
 16.01
 14.35
 16.58
 24.50
 18.82
 23.76
 14.80
 31.64
 10.75
 14.09
 26.49
177.03
 15.80
 17.68
 16.96
 90.83
 13.12
199.39
 48.22
 30.93
 17.48
 33.13
 95.96
 11.59
 11.27
 14.49
 36.02
121.22
 42.94
 57.49
 28.77
 23.64
 22.43
 30.30
 49.07
 23.78
 13.94
 42.20
 48.26
 46.44
 10.76
 33.41
 32.12
166.54
133.81
 11.06
 39.11
 55.20
 32.06
 20.49
 42.25
 11.52
 25.83
 37.72
 88.39
 14.19
 11.22
 35.95
 12.01
 49.59
 14.24
 28.17
 13.60
 11.67
 57.42
 26.51
 16.36
106.57
 28.14
 27.64
123.63
 20.11
 10.61
 51.62
 33.16
 65.03
 11.56
 37.95
 11.45
 12.70
 11.44
 72.43
 18.45
 10.03
176.88
 10.20
 93.82
 31.45
 35.79
 22.47
 62.77
 24.50
 10.16
 17.27
131.66
 15.27
 10.37
 16.53
 19.77
 10.03
 14.65
 26.81
 10.39
 10.56
 25.70
113.75
 34.92
 19.44
 19.63
 29.19
 12.20
 13.41
 25.45
172.77
 18.53
154.22
 11.35
163.93
 20.40
 92.85
130.15
 16.29
 16.58
 17.44
 18.31
 16.30
 11.42
 20.88
 72.83
 21.28
 16.92
 21.32
 13.86
103.21
 15.63
 15.91
 67.29
177.77
 56.86
 10.13
 23.12
 39.74
 54.35
 21.38
 13.59
 31.55
 11.60
 27.39
159.80
 48.60
 17.77
 23.14
 51.28
 28.33
 12.04
 10.39
 48.60
 59.29
 32.23
 95.13
 27.56
 66.69
 13.36
 14.88
 15.67
103.59
 20.21
157.64
 19.44
 22.26
 18.00
 11.10
108.89
 10.08
 24.09
 42.23
 40.31
151.51
 13.48
 19.01
 28.69
 13.59
 10.73
 12.79
 10.02
 62.20
 13.78
129.95
 14.66
 34.51
 24.30
 12.12
 32.51
 10.53
 29.18
111.83
 24.60
 47.63
 15.39
 22.68
 34.04
 14.52
 16.37
 18.98
 10.13
 16.55
 11.41
 16.44
 67.69
 13.25
 92.21
141.88
 10.23
 15.37
 35.74
 10.04
 10.13
 85.95
 44.11
 19.00
 44.85
161.11
 11.11
 74.10
 13.13
 66.51
 13.62
 44.62
 10.48
 13.04
 24.40
 22.44
 74.00
 39.81
 19.57
 35.58
 10.97
 23.65
 46.16
 22.19
 64.89
 35.65
 18.81
 10.75
 12.22
 33.96
 84.78
 17.02
109.46
 41.57
 39.47
 15.44
 51.63
 11.47
 18.79
 94.46
 18.35
128.18
 13.64
123.19
 42.30
 21.71
 15.78
 19.66
 35.38
 90.94
 10.86
 23.64
 26.76
 10.15
 12.18
 29.93
 14.44
 28.23
 10.24
 89.59
 10.66
 27.10
 20.07
 25.05
 19.24
 17.83
 21.23
 56.22
 24.41
 11.70
 11.87
 34.59
 93.24
 10.15
 18.03
 10.38
113.71
 15.91
 35.74
 47.64
 28.63
 10.70
 31.21
 10.19
131.45
 13.67
172.85
104.20
 11.25
 14.75
 20.77
 10.95
101.89
 32.98
 72.74
 51.88
103.57
 12.84
 18.57
 72.81
 18.42
 34.87
126.22
 12.76
 10.72
 35.31
 19.12
 41.12
 75.92
 45.67
 55.25
 22.59
 14.81
 11.99
 10.62
 22.27
 20.66
 84.45
 22.91
 64.61
 14.30
 10.56
 21.98
 18.68
 16.18
 66.24
 10.70
109.90
 14.81
 53.41
 77.80
147.99
 62.34
 12.10
113.69
 12.96
 78.58
 20.53
148.66
 12.64
 13.88
 17.08
 16.21
 11.31
 32.95
 34.31
 38.73
 66.61
 10.53
 66.06
 10.58
 53.85
 10.37
 12.03
158.83
 12.89
 18.70
 12.78
 10.81
 27.69
 43.70
 16.85
 69.18
 19.41
 87.83
 31.83
 41.66
 10.18
 18.86
 65.99
 10.89
 17.13
 19.84
 28.49
 18.97
 24.61
 18.13
 25.78
 10.21
 59.05
 14.08
 12.46
 12.56
 60.38
 11.63
 13.05
 11.15
 15.54
 73.64
 18.89
 54.94
 14.77
 37.82
125.96
 37.40
 11.70
 30.24
 36.40
 11.36
 18.86
 25.06
 10.81
 36.59
 14.96
 39.13
 54.21
 13.26
 11.80
 10.97
 88.10
 70.34
 17.49
 17.35
 18.75
 10.88
 54.64
184.71
 11.95
 15.26
 79.27
 36.34
 14.16
 67.66
 32.15
 27.20
 37.04
 18.14
 56.76
 11.47
 73.76
 11.88
 38.73
 42.84
 10.08
163.71
 21.62
 22.21
 16.72
 18.46
 11.31
109.56
 20.80
 14.43
115.90
149.11
 10.48
 10.07
 17.48
 15.75
 19.32
 15.13
 40.08
 12.81
 20.74
 15.94
 23.90
112.06
 40.01
 54.07
 12.70
 76.32
 10.80
 21.17
 15.63
 79.66
 46.87
 32.48
 96.84
146.99
 12.81
 40.73
 27.45
 41.35
 27.98
 12.07
 29.53
 57.88
 61.41
 40.78
 22.92
 12.23
 10.72
196.38
 22.49
 18.31
 31.98
131.32
109.56
 20.11
 77.17
 68.16
 23.15
 22.20
 20.03
 16.60
 10.68
 11.99
 10.11
 46.32
 13.06
 13.65
 12.64
 20.65
 12.72
 11.06
 10.61
 37.06
 28.40
 83.76
 21.08
 86.00
 45.45
 27.86
157.71
 13.51
 85.71
 63.18
 50.12
 10.18
 10.33
 64.94
 28.86
194.46
 21.51
 97.67
 44.77
 25.74
 58.53
122.52
 89.35
 38.24
 14.48
 43.16
 23.53
 71.09
 21.77
 15.81
 30.56
102.47
 12.59
 10.43
 13.48
 48.89
 12.01
 11.40
 11.78
 24.72
 16.80
170.88
 13.32
 16.19
 20.49
 46.84
 12.08
 40.02
 14.89
 20.81
130.26
 18.58
 15.35
 13.70
 14.96
 12.89
 19.74
 12.93
 47.88
 25.41
 10.18
 29.54
 23.72
 24.48
 10.16
 28.11
 14.79
153.59
 10.50
 10.41
100.47
 11.60
 32.16
 51.67
 80.68
 76.36
 36.27
 35.13
 57.50
 21.40
 24.46
 10.07
 22.77
108.92
 13.18
 11.02
 10.89
 39.23
 29.83
 17.09
 40.62
184.91
 36.15
 16.61
 12.31
 28.57
 13.59
 11.40
 13.17
 10.36
 27.75
 14.27
 11.27
 23.79
 50.37
 47.69
178.20
 65.73
130.33
 22.89
 13.27
 56.50
 10.75
 15.37
 84.04
 41.72
 11.20
 85.16
 18.41
 10.77
 16.60
 40.58
 12.17
 13.89
 14.09
 25.75
 11.06
 18.25
 24.46
 19.42
 32.93
108.74
 16.56
 18.76
 28.01
 12.71
 37.38
 15.40
138.32
 11.45
 13.48
 19.77
 33.11
 17.78
 12.57
 14.85
 12.97
 11.80
 11.34
 13.44
133.96
 12.94
 13.81
 82.65
 27.32
 46.18
 75.70
 63.89
 13.76
 33.21
 23.25
 31.51
 24.53
 38.85
 11.39
 16.40
 16.58
125.56
 12.45
 14.87
 31.71
 21.56
 14.12
 10.59
 27.13
 12.24
 15.30
 12.56
140.25
 24.49
 53.76
 45.17
 56.10
 10.80
 10.03
 77.24
105.87
 13.88
 15.17
 13.30
121.82
 62.00
 51.27
181.71
 11.27
 11.51
 23.30
 21.76
 10.65
 10.08
113.82
 14.69
 78.73
 17.04
 20.62
159.43
 80.14
 11.30
 15.13
 38.03
 11.64
 53.28
 68.03
 17.69
 14.45
185.33
 11.15
 16.37
 52.61
 37.80
 18.97
 25.05
 26.56
 82.36
 23.05
 12.58
 14.14
190.28
 17.48
 10.02
 11.09
 10.75
 17.25
 62.01
 13.52
 33.21
 15.61
 38.97
 22.16
 86.25
 14.19
106.74
 77.10
 21.51
 18.18
190.62
 17.89
178.47
 17.77
 51.54
 21.82
 91.87
 48.09
 23.69
 73.74
 11.55
 12.59
 20.15
 26.05
 36.91
 33.02
 89.19
 73.78
 53.29
108.15
 23.48
 77.45
110.04
 17.96
 15.76
 36.08
 11.04
 11.79
 45.95
 15.51
 76.64
 28.29
 10.03
 12.78
 15.89
 10.25
 17.38
 39.28
 17.75
 36.01
 20.49
 33.16
 26.05
 10.06
 11.57
167.65
 65.51
 46.72
 22.56
 19.38
 48.94
 48.40
 11.35
 11.18
 58.64
 97.12
 16.91
 32.60
 13.96
 30.08
 19.31
 16.99
 43.43
 25.63
175.52
 69.39
 17.27
 24.64
 46.80
 25.28
 10.35
 17.25
182.85
 13.25
 11.11
 13.13
191.48
 13.84
 12.72
 20.13
105.23
 10.02
 22.07
 44.62
 26.07
 12.72
153.44
 12.72
140.12
 15.68
 26.84
 72.45
175.96
 27.94
 21.93
 26.64
 19.79
 27.42
 27.47
 11.71
128.79
 15.99
 15.93
108.13
 12.77
 60.01
 51.69
 30.40
 92.00
 16.60
 16.92
 77.87
 22.42
 60.53
 17.59
 30.66
 17.58
 34.34
150.67
 24.02
 34.82
106.09
 13.25
 79.30
 30.96
 21.74
 14.72
 42.18
 19.92
 37.13
 57.03
 13.93
115.23
146.76
 72.16
 12.54
 10.96
 14.61
127.26
 11.37
 34.26
 47.11
 57.34
 17.32
 93.95
 15.15
 63.89
 10.56
 13.04
 21.16
 17.64
 22.98
 18.96
 23.32
 18.18
 14.16
 55.64
 29.53
119.22
 31.67
 22.24
 30.77
 19.20
 77.01
 51.32
 32.36
 42.59
 14.99
114.14
 16.28
 24.01
 73.00
 11.87
 44.53
 18.10
169.71
 81.72
 13.76
 10.68
190.29
 44.50
 23.03
 12.30
 33.09
113.21
 28.74
 19.90
 80.39
 10.82
 10.88
 13.70
149.88
 20.17
 12.66
 23.60
 26.88
110.58
 26.08
 79.36
 18.66
 13.51
 14.42
 13.07
 10.71
 23.31
 15.96
 91.44
 33.52
 56.60
 75.97
 10.02
 19.13
 10.25
 67.20
 70.38
 20.61
104.57
 16.91
 16.22
130.26
 19.25
 31.16
 36.48
 72.41
106.83
 27.08
 33.77
 39.23
 18.11
 85.86
109.56
 15.82
 10.03
 16.35
 32.59
 18.41
 14.29
 10.43
 20.49
 47.28
 38.49
 31.55
 19.11
 14.82
 22.59
 49.98
 17.31
 39.75
 14.25
 12.43
 11.78
 13.82
 14.22
 13.55
 15.47
 14.05
 13.73
 17.53
 29.18
 10.42
 12.12
 10.63
105.23
 14.16
125.06
 16.64
 16.75
 13.30
190.43
113.22
 19.27
 11.05
 53.10
 64.77
 31.79
 50.92
 16.69
 17.12
 14.38
 97.73
 90.15
 38.01
 13.66
 34.31
 48.12
 26.93
 15.35
 41.49
 22.67
 10.08
 20.97
 13.33
 15.16
 11.25
 29.65
 49.16
 13.32
 10.58
 55.81
126.28
 88.03
137.12
 60.70
 12.75
 23.89
 51.21
105.18
 21.85
101.54
 29.71
 25.43
 49.30
 79.85
 18.60
 60.05
 14.24
 29.56
 16.96
 10.99
 36.11
 21.94
 10.47
 20.97
 37.52
 18.60
 39.80
 19.10
 30.66
 25.39
143.99
 71.07
 10.41
 11.47
 41.50
 31.85
 11.36
103.29
 77.76
174.36
144.59
 92.99
 23.92
 39.57
 90.73
 29.90
 12.17
 20.66
 94.90
 16.48
 47.56
 17.15
 70.32
 21.44
 16.99
 37.53
 38.03
 10.88
 51.38
 57.41
 12.73
141.25
183.96
 12.10
 35.57
 35.14
 27.05
 55.62
 19.58
 46.74
 44.70
 36.26
133.87
 71.41
 29.48
 11.39
 18.52
 37.02
 75.39
 16.20
 10.62
 11.62
 31.54
 57.90
 40.84
 16.18
 16.65
 15.76
102.51
 12.90
 15.27
 20.18
 12.48
 11.58
 12.14
 16.73
167.61
 15.65
 75.78
 39.21
 53.29
 13.16
 18.02
 66.85
 10.14
 36.29
 15.61
 21.75
 26.06
 20.71
 30.59
 10.11
 14.21
 11.85
 39.99
 10.39
196.10
 91.37
 20.46
 22.35
 70.15
 26.13
 66.29
 51.10
 28.17
 34.85
 54.69
 29.56
 50.09
 14.44
 72.75
 22.78
 10.39
 17.82
 50.05
 10.61
 54.32
105.64
 19.67
 11.40
 12.00
 10.78
165.31
171.04
 45.30
 12.26
 22.75
 59.80
 16.67
 48.06
122.51
120.88
 14.17
172.64
 15.52
 13.76
 57.15
127.54
135.08
 17.10
 12.06
 30.80
 32.30
 22.53
 30.24
 11.17
159.20
 29.83
 60.63
 35.26
 24.08
 37.12
 33.84
118.01
 73.67
110.87
 83.49
 71.86
 18.38
 90.17
 23.93
 23.29
 25.48
 17.00
 17.82
 10.69
 32.04
 45.17
 27.35
 16.90
 17.42
136.59
 28.96
 15.58
 60.95
 29.86
 18.22
 88.90
 11.25
 12.74
 90.29
 43.84
149.01
 11.44
 26.91
 13.58
 21.80
 24.69
 45.98
 17.73
 19.11
 30.09
 49.99
108.43
 35.98
 24.44
 20.66
 52.77
 40.62
 17.39
 77.59
 11.40
 18.55
169.15
 65.78
 36.15
 60.01
 18.44
 44.25
 61.31
 79.60
 18.84
 14.92
 41.07
 29.13
 15.37
 13.20
119.19
 19.36
 64.16
 14.92
 15.22
 28.02
 93.41
 10.30
185.29
 42.36
 12.31
 48.55
 10.27
 14.22
 15.63
 15.04
 14.94
 16.69
 15.02
 24.73
 92.47
 33.10
 31.27
 16.58
 31.71
 36.64
 10.80
 77.32
132.98
112.19
 33.82
 18.30
 81.85
 13.56
 28.11
124.80
 38.24
 13.98
 22.86
 21.12
 35.87
 47.99
 15.32
 14.10
 12.50
 19.81
 10.71
 86.12
 23.71
100.80
 44.20
 41.49
123.41
 16.43
 11.58
 34.88
 22.66
 34.16
 15.76
 15.38
 19.20
 24.22
 62.62
 28.59
 30.06
 53.87
 12.36
 19.96
 12.21
 13.11
 59.18
 19.14
 70.75
 11.42
 10.10
 90.37
 67.36
 10.91
 97.06
 35.75
 47.33
169.00
 12.48
 24.07
 73.24
114.57
 12.46
 13.85
 23.58
 28.81
 79.64
 88.21
 19.64
 10.20
 30.51
 14.22
 28.13
 10.01
 23.86
 18.86
 79.17
 12.97
 24.63
 12.34
 18.75
120.28
 19.55
 37.37
 12.81
107.82
 58.63
 10.57
 10.04
 16.52
 17.49
 91.59
124.06
 55.97
 17.79
 43.24
 37.98
 16.87
 18.81
128.77
 17.21
 23.72
 17.26
 86.42
 20.28
 11.25
169.18
 19.71
134.59
 20.07
155.45
 14.82
 16.22
 21.07
 20.89
 13.41
127.13
 20.77
 18.52
 12.37
 98.96
 72.02
 17.86
 46.26
 12.22
 21.08
 57.74
158.97
 10.65
 50.48
 12.19
114.04
 46.90
 35.60
 12.68
 18.28
 25.33
 19.58
 11.86
 17.29
 13.12
 11.99
 11.81
 16.64
 19.30
 61.97
 22.34
 62.26
 26.20
 25.94
 19.37
 15.32
 15.17
 24.15
 11.76
 11.37
180.64
 32.85
 15.03
 65.28
 20.81
 19.45
 24.76
 80.59
 17.14
116.04
 12.25
 71.97
 14.93
 12.25
 20.46
 17.05
 23.13
 36.52
 17.09
 22.95
 62.30
 10.36
 14.28
 32.81
 71.16
 23.89
 21.01
 10.40
 10.80
 74.46
 13.44
 27.02
 95.68
 10.81
 23.45
 33.20
 10.15
 14.48
 10.77
 45.81
157.10
110.32
 13.29
 85.23
 10.20
 56.61
 63.57
 16.58
 18.31
 10.95
 11.33
 12.06
 30.60
 15.71
 21.52
 12.02
 20.91
 12.01
 69.45
 11.25
 30.96
 11.47
 36.89
 33.53
 20.13
 16.22
 20.37
 16.02
 44.58
 26.21
165.48
 14.07
 12.99
 14.69
178.96
 12.12
 14.34
 74.42
 13.38
 16.67
104.86
 13.56
 26.29
 13.95
 20.55
 16.12
 14.18
 15.53
 49.26
 10.34
 12.84
 15.27
109.58
 15.32
194.78
 11.87
 15.23
 39.04
 29.68
 18.86
 18.91
 17.52
 32.31
 13.21
 62.87
 75.62
 20.78
 19.25
 12.88
 33.32
 12.11
 26.63
 30.68
 34.01
 29.84
136.10
 57.96
 13.15
 83.26
 11.07
 15.23
180.13
 94.98
 26.87
 12.29
 23.29
 11.97
 35.19
 65.61
 43.19
 12.20
 34.97
 15.83
 21.87
 16.16
 25.20
 11.00
 12.89
 29.13
 14.50
 11.85
 30.17
 46.96
 30.37
 12.80
192.18
 93.35
 16.79
 46.23
 17.90
183.56
120.37
 38.24
 29.67
 14.30
118.24
 20.62
 29.96
 27.39
 20.01
 23.08
 12.69
 91.99
 37.91
 50.47
 31.10
 23.61
 22.91
 16.59
 28.88
 26.50
 10.58
107.63
 10.87
 21.25
 20.08
 79.06
 10.81
123.76
 15.46
 18.76
 18.11
125.38
 33.07
 45.94
 34.27
 27.63
 25.33
 12.30
 22.22
 39.12
 31.72
 11.02
 17.54
 23.19
128.66
 53.14
 27.50
 12.13
 15.08
 97.08
 67.75
 18.96
 34.49
 12.78
 15.48
 14.02
 11.54
 11.56
178.25
 51.89
 31.26
 54.27
 12.73
112.76
 10.42
 43.39
 14.97
 78.22
 16.58
163.22
 58.86
 11.13
 18.34
 16.89
126.04
 17.21
 12.31
 31.96
 30.36
 30.37
 10.39
102.21
 11.41
 36.33
 55.97
 53.79
 12.24
186.33
 12.24
 14.16
 10.81
 77.46
 15.65
 12.34
 17.37
 28.77
 48.56
 96.03
 22.05
 16.08
115.27
 28.26
 82.84
 36.64
120.98
 11.15
 11.64
 24.35
 21.00
 37.07
 10.08
 20.73
 30.98
 63.02
 10.51
 11.51
 17.27
116.37
 11.67
104.45
163.69
 16.55
 22.56
 61.54
 93.14
 12.67
 76.01
 56.80
141.04
 17.77
 59.14
 28.15
 44.38
 62.99
 11.78
 38.17
 10.51
 52.48
 11.24
 66.02
 18.33
 10.63
 16.70
 12.62
172.27
 13.46
 13.23
 15.18
 17.09
 13.08
 55.53
 13.77
159.53
 15.62
 62.09
 15.73
 13.84
 24.22
 15.45
 16.02
 35.86
 19.33
 24.82
 36.38
 16.72
 31.27
 23.54
 21.31
 12.95
 23.82
 90.12
 71.44
 88.18
 22.08
 76.62
 10.02
 27.55
115.22
 14.29
 27.98
 52.71
 47.56
 17.55
168.54
 69.41
 12.20
139.83
 72.84
 37.15
 11.52
 45.20
 43.72
 11.05
 47.29
 22.51
166.04
 74.50
 65.69
 43.67
 11.68
 13.86
 74.83
 94.01
 46.82
 24.31
 12.78
 62.08
 43.56
 31.74
 23.25
 13.08
 19.53
 38.74
 71.79
 10.50
 27.43
 13.40
 87.44
 15.11
 72.67
 19.95
 11.17
123.90
 25.49
 14.53
 43.70
 15.65
 24.34
 10.62
 30.45
 13.61
 24.15
 10.26
 11.33
 78.68
 11.24
 19.06
 27.87
 52.79
 10.57
 57.49
 13.55
 13.35
 25.47
 16.68
 21.89
 72.90
 42.10
 12.73
 23.96
 40.50
 29.45
114.62
 19.79
 45.82
 11.29
127.49
176.25
 12.11
 22.72
 12.82
 31.41
 12.31
 11.65
 32.70
 10.87
 26.13
 16.18
 27.30
 26.49
 16.63
 62.36
 11.37
 39.44
 76.70
 18.72
 34.80
 23.42
 40.42
 13.16
 25.36
 13.09
 19.90
 14.46
 46.71
 10.23
 18.05
 63.11
 13.09
 76.51
 76.80
 58.01
 14.13
141.71
 19.06
 29.68
 35.78
 66.26
 23.40
 23.82
 15.27
 15.78
166.54
 21.15
 63.15
 12.00
 28.87
 14.80
 95.71
 11.51
 23.97
169.42
 19.93
 30.42
 96.17
 30.29
 21.60
 11.84
 95.97
 19.19
 10.61
101.02
 38.62
 52.99
 22.38
 20.15
 11.42
 49.45
 19.47
 78.24
105.97
 25.54
 12.97
 21.46
 91.63
145.38
 81.05
 10.40
 33.69
 43.75
 39.53
 39.10
 68.57
 15.64
 15.22
 26.75
 13.45
 39.52
 11.92
 47.24
 68.06
115.20
 96.04
 86.95
 74.87
 17.48
 15.19
 15.89
 15.69
143.56
183.10
 11.41
 29.72
 29.60
 41.19
 61.13
 58.96
159.33
 13.64
 11.63
 33.60
 10.16
 15.54
 21.20
 13.22
 26.11
 82.24
 16.06
 77.38
 34.60
 22.79
 11.95
 46.62
 15.08
 17.32
 26.39
 42.55
 14.14
 11.48
121.76
 31.79
 16.79
 32.36
 33.92
 38.17
 78.41
 14.15
 11.83
 43.08
 14.21
195.17
148.27
 21.40
114.85
 62.18
 49.24
 65.74
 11.66
 64.36
 35.06
 31.84
 25.21
 21.21
106.96
 20.20
 14.49
 79.66
 20.16
 19.60
 29.00
 69.27
 18.35
 93.33
 25.09
 19.32
109.98
 16.31
 60.29
 23.64
 74.60
 16.86
189.37
 16.19
 23.00
 46.05
 15.06
 50.28
 16.25
 13.38
 18.05
 13.61
176.57
137.05
 23.82
 15.54
 23.36
 19.78
 10.43
 21.05
 27.44
 17.11
149.59
 22.01
162.35
 24.36
 61.54
 12.75
151.36
 16.39
 23.39
 81.03
 26.41
 18.78
 95.61
 58.46
 15.42
 11.69
 15.44
 66.00
 11.44
 18.28
 52.75
 16.72
 16.13
 21.60
 24.41
 23.15
 51.80
 14.74
 20.65
 11.27
 16.52
 77.08
 10.28
 68.92
 14.11
 63.70
 26.76
 15.77
149.29
107.77
 17.93
 35.49
 64.27
 43.75
 20.67
 13.08
 10.07
 76.75
 11.91
 16.56
 21.73
 10.91
 14.43
 16.51
 33.92
 20.99
183.56
 11.84
155.14
 14.59
 14.93
 47.09
 11.67
 12.00
 23.84
163.01
 71.82
 14.02
148.62
 18.39
 10.97
 31.61
 36.54
 59.70
 12.72
 66.31
102.99
100.26
 21.68
 32.39
 10.24
 95.77
 17.80
 93.53
192.23
 44.92
 40.10
 10.14
 18.24
 23.69
 41.21
 66.98
 57.86
 31.62
 33.50
 32.31
160.82
 23.46
 80.96
 13.32
 52.30
 50.10
162.94
 33.49
 10.63
 82.70
103.57
 16.09
 26.11
 12.85
 15.84
 16.43
 77.75
 13.47
 19.66
 20.74
 11.95
 10.70
 11.35
187.26
 44.54
 47.13
 46.37
 15.61
 86.37
168.59
 37.40
113.67
 69.49
 16.10
 23.75
 20.71
 14.36
 10.19
114.71
 34.40
 66.42
 48.83
 39.97
 15.44
 26.68
 11.87
 26.51
 56.44
 38.01
 14.77
 32.49
 45.08
 39.89
104.33
 47.95
 86.87
 16.71
 17.00
 41.90
 20.56
 11.57
 16.35
109.84
 11.45
 95.73
 43.02
 58.54
 11.05
 18.08
 37.18
 22.26
 15.56
 13.87
 10.27
 27.01
 10.17
 67.13
 11.69
 16.57
 12.13
 30.49
 10.44
 20.56
 48.80
 28.31
 16.34
 17.90
 22.45
 52.17
 12.00
 19.78
 10.77
 18.49
 27.08
 26.97
 18.67
 19.89
 11.47
 22.62
 56.52
 10.15
 14.20
 41.56
 28.21
 34.06
 11.10
 22.50
 27.06
 49.14
 78.14
 98.73
 24.90
128.46
 31.10
 10.82
 12.71
159.33
151.89
 44.48
 11.92
 51.53
 10.57
 35.94
149.04
 43.81
 14.25
 28.19
 20.51
 10.97
 14.30
126.51
 78.31
 11.07
 14.40
 11.10
 14.95
 64.09
 14.13
144.65
102.21
 39.86
 21.32
 22.14
 63.49
 45.03
 21.60
 13.74
 26.71
 74.06
 32.39
 93.83
103.98
 22.10
 22.33
 18.22
 13.07
 10.99
 35.21
 12.98
 89.86
199.77
 29.26
 23.12
 14.10
 11.28
 14.32
 17.88
194.27
 11.20
 17.92
 14.13
132.81
 78.71
 86.53
 36.74
 13.32
 35.29
 36.72
 16.18
 55.97
106.04
 32.80
 20.79
 45.93
 26.20
 11.41
 13.22
 56.03
 12.47
 17.22
126.52
 16.21
 84.88
 12.35
 23.72
 14.46
 12.65
 37.85
 13.59
184.88
 17.37
 31.43
 79.09
197.05
 13.14
 21.09
 18.93
 19.59
 15.93
 46.63
 12.53
196.12
119.92
 11.55
 39.43
 23.53
 15.05
 17.36
 53.53
 15.79
 33.84
 15.59
 96.91
 13.75
 10.25
 14.59
 13.19
 13.68
 30.15
 26.46
 53.51
 27.58
 18.18
 19.21
 11.96
112.00
 52.26
117.64
 12.23
100.12
 11.42
 11.33
184.56
 14.93
 88.89
 10.77
 17.80
 36.02
176.96
 12.01
 56.25
 40.03
 96.82
 20.56
 70.14
 13.30
 15.69
 16.64
 95.27
 15.37
 60.82
 35.67
 21.07
 67.50
 17.14
 64.19
 47.59
 32.77
 44.48
 16.49
 10.07
 59.19
 10.78
 20.22
 72.07
 10.99
 22.01
133.72
 11.93
 64.60
 67.85
180.13
 18.22
 11.11
163.06
 21.91
 17.11
 40.65
 28.52
 11.87
 24.90
 13.25
 75.37
 30.12
 13.50
 15.22
 23.23
 36.05
 14.39
 10.57
192.21
 26.88
 13.25
 41.27
 34.49
 71.17
 34.73
 13.61
108.47
 47.78
 28.68
 48.75
 62.61
109.37
 21.97
 50.77
 12.91
 20.47
 30.97
 18.69
 27.08
 13.66
 22.49
 18.35
 46.63
114.81
 14.24
 25.83
 31.68
 51.52
 11.22
 52.34
 18.86
 14.18
 11.77
 30.38
 11.35
 52.47
 24.28
 16.33
100.67
 11.49
150.42
145.66
 40.84
 29.52
 57.77
 88.15
 14.10
 31.35
 35.13
 16.10
 22.57
189.22
 10.17
 60.73
 21.44
198.05
 29.82
 15.54
 11.39
 10.70
 24.04
 13.86
 33.72
 13.46
 10.98
 14.32
 62.11
 10.37
 31.40
158.43
140.74
 60.21
 15.98
 17.73
116.41
 21.10
 16.89
 36.42
172.24
 46.96
 30.47
104.75
 22.61
 84.72
 16.72
 11.27
 76.26
 45.80
 12.66
 12.20
 23.90
 16.03
 44.12
 21.22
 17.13
 15.50
 55.60
113.31
 27.17
 74.54
 24.67
144.85
 20.35
118.81
 14.17
 15.98
 29.85
 18.65
 41.69
 12.65
 13.30
 21.44
 10.45
 37.93
 47.99
 12.08
 13.90
 18.52
 45.26
 21.68
 13.83
110.62
121.85
 11.61
 10.06
 44.03
 24.60
 47.75
 24.53
 12.81
 95.75
 51.96
 15.48
 35.70
 35.85
 12.80
 50.91
 15.34
 20.88
 15.14
 31.73
 21.25
 25.11
 68.09
 10.94
 11.10
 18.96
 10.24
 48.85
 14.70
 92.69
119.13
 21.45
 19.81
 48.40
 12.38
 56.21
 33.35
 49.36
124.14
 13.50
 45.39
 24.84
 19.41
 23.96
108.02
 68.39
 21.47
 46.00
 12.19
 11.28
 14.09
 17.27
 15.51
 33.72
 22.91
 16.05
 12.85
 15.27
 11.26
 46.48
 12.35
 30.49
 95.97
 15.99
 14.07
101.62
 12.38
 48.67
 10.02
 18.64
 93.51
 13.93
 92.25
 12.89
 12.53
 13.30
 33.40
 25.87
 34.03
 17.02
157.10
 11.89
 34.36
 10.33
 69.88
147.02
157.81
 17.31
 12.68
 57.73
 19.00
 44.28
 11.05
 27.79
 18.13
 16.81
 22.44
 41.62
 10.67
 35.33
 61.61
 10.38
 27.18
 72.40
 24.10
 10.89
 20.56
 87.92
182.09
 25.67
 10.37
 32.91
 84.97
 23.48
 11.22
 29.05
 24.54
 48.30
 28.09
 16.31
 25.64
 39.55
 28.76
 17.73
 19.34
 10.99
 19.43
 24.75
 31.47
 97.74
 29.11
 25.91
 11.45
 14.42
104.29
 17.01
 14.30
 82.78
 98.44
108.96
 13.76
 42.90
 26.08
 14.83
140.08
 23.34
 19.20
 15.42
 16.69
 14.49
 24.26
 36.24
 10.34
 10.20
 31.47
 17.64
 25.68
 10.74
 92.97
 17.32
 14.70
169.45
 48.50
 22.25
 70.08
 56.92
 19.62
 34.45
 24.48
 48.34
 13.66
104.83
 32.29
 11.13
 15.30
 13.33
 68.55
 11.05
 10.64
 11.45
 10.98
 11.27
 40.35
 15.28
 11.00
 36.78
 46.66
151.06
 14.04
 17.25
 17.30
 12.90
 17.06
 52.97
 30.79
187.83
 90.33
 18.60
 19.18
 26.91
155.79
 87.52
 14.29
 12.78
 29.25
 23.53
 33.06
 49.53
173.44
 14.55
 12.79
 96.73
 14.71
 14.42
 22.87
170.44
 11.04
 14.29
 12.79
 68.83
 88.65
 22.55
129.42
 10.07
 26.61
 27.35
 10.13
104.65
 21.96
 39.08
 16.73
 75.91
159.14
 57.92
 26.31
 77.22
147.07
 46.61
 10.47
 11.37
 10.59
 15.37
158.21
 12.49
 15.09
 23.29
 20.47
 10.20
 62.33
 21.69
 44.57
 11.49
 11.66
 45.57
 35.66
 17.48
 10.17
 39.31
 11.66
 61.71
 48.76
 28.21
 27.07
 13.49
 10.06
 58.45
 17.08
 11.25
 24.40
 24.67
 69.16
 37.10
 23.39
 58.54
 75.28
 17.67
192.71
 49.64
 12.32
 25.14
 15.64
 72.69
 95.19
 22.46
 15.82
 78.40
 85.59
 10.61
 10.83
 10.24
 18.12
 85.91
112.94
 10.29
 17.21
 45.19
 16.57
 28.80
 61.16
 17.81
 11.99
 45.75
 21.42
 36.67
 37.36
162.61
 10.36
168.67
111.93
 76.20
 20.48
 11.42
135.98
 24.69
 12.53
 12.81
 35.70
 23.90
 14.04
 65.07
 56.40
 30.78
141.26
 45.40
 16.99
 17.84
129.37
 19.13
 31.66
 10.35
 37.85
 90.48
 44.05
 19.25
 42.88
 24.12
 12.31
 17.03
 13.31
 19.96
 16.58
 37.65
 32.99
 28.25
 12.26
192.28
 43.57
 42.66
 13.36
 36.28
120.99
 20.96
 21.75
 23.75
 10.80
 17.58
 11.39
120.79
 12.82
 19.09
 15.66
 79.92
 24.87
 15.17
 17.85
 65.22
 35.67
 10.34
186.76
 10.24
 10.07
 22.13
 14.29
 21.12
 10.50
 19.96
 12.84
 12.41
 31.36
 16.71
 57.79
197.19
 12.16
 23.02
 21.46
 20.20
158.28
 37.19
 25.45
 16.97
 12.99
 11.02
 46.18
 12.83
 29.76
 10.56
118.04
 18.59
 35.93
 40.79
109.19
112.71
 22.82
 17.93
 14.82
 16.83
 18.22
 18.02
 10.38
 34.13
 10.89
 29.04
 22.11
 32.10
 46.42
 10.31
 17.50
 14.84
 16.06
 33.89
161.36
 16.81
 10.64
 61.15
 67.13
 15.67
 14.66
 50.70
 16.56
150.74
 10.38
 44.28
 92.67
 24.36
134.34
 10.72
 93.92
 84.87
 22.68
 19.51
 18.31
 32.64
 22.41
 23.55
 22.72
 18.35
 23.92
 11.53
 19.95
 75.56
 30.52
 14.01
 74.68
 11.76
 32.58
 21.42
 27.40
 10.99
 54.19
 91.11
 67.94
 39.67
 24.28
 52.32
 45.95
 82.45
 15.86
 13.21
 11.08
 11.77
 10.81
125.00
 19.49
 36.46
 31.39
 10.27
 33.48
 22.63
 19.78
 11.16
 19.46
 10.76
 18.19
 51.90
 14.56
 68.78
 16.22
 12.21
 32.41
 24.54
 31.76
 19.10
 21.53
 16.72
 26.28
 95.82
 16.17
 13.86
 14.41
 15.47
 21.19
 53.18
 11.80
 20.91
 10.97
 30.22
 18.57
 13.07
 37.38
 50.19
 66.65
 12.00
 25.06
 10.82
 16.61
 10.43
 47.76
 38.36
 11.30
 10.02
 37.87
 18.96
 12.92
 44.96
 12.52
 13.76
 14.73
 75.04
 24.33
 11.59
 84.40
 48.82
170.80
 22.45
 10.41
 66.41
 13.83
 20.59
 78.08
 34.11
 11.71
 10.87
 33.67
 35.24
 36.56
 22.36
 25.24
 20.83
 47.65
 10.16
 16.22
 39.37
 76.08
 25.62
 27.94
 66.39
 30.28
 22.78
 26.15
 47.73
 53.09
 24.96
 11.93
 23.00
 13.84
128.84
 23.59
102.16
 19.43
103.74
 21.15
 26.57
 30.47
 66.30
 10.39
 14.33
 38.40
 41.91
 97.90
 11.99
 12.49
104.51
 17.17
 10.19
 38.52
 28.25
 16.75
 27.29
 69.85
 12.26
 16.69
 24.82
 40.87
116.91
 74.66
 59.65
 14.58
 23.95
 92.13
 15.93
 14.84
 90.98
118.61
 10.30
 13.35
114.51
 11.05
 35.13
152.67
 17.22
147.40
 12.01
 14.98
 48.07
 39.44
129.77
 43.44
167.97
 38.12
 47.16
 11.39
 77.37
 18.72
 29.20
 13.29
 11.44
 12.13
 14.53
 84.82
 32.09
 44.62
 54.70
 36.13
 34.69
 22.37
 81.55
 19.10
 38.20
 32.43
 21.70
 45.98
 21.83
 70.00
 10.18
 14.32
 10.73
 17.85
 39.35
 14.14
 10.56
 72.72
 19.82
123.01
 28.22
 41.05
 14.47
 10.02
 83.53
 33.95
 68.86
 25.28
 13.67
 90.97
 47.61
 18.82
 15.15
 22.64
 18.65
 22.87
 11.16
109.30
199.79
 10.05
 37.14
 13.77
 10.72
 82.77
 10.47
 60.39
 23.79
 10.75
 28.87
 59.22
 20.13
 10.33
128.58
 21.78
 41.92
 70.11
 22.83
 16.24
 10.44
 10.43
 21.59
140.27
 11.86
 39.60
 10.29
163.33
 43.65
 13.09
 70.97
 21.93
 56.78
 11.55
 11.34
 13.85
 56.98
130.01
 15.23
 20.39
 21.96
 19.94
 17.95
 18.55
 14.95
 32.49
 36.90
 11.56
 16.34
 31.57
 24.86
 18.45
 26.05
 10.32
 17.31
 44.98
141.39
 23.14
 24.73
 29.98
 10.80
 11.97
 74.81
 22.44
 18.13
 16.56
 60.37
 42.10
 29.57
 85.19
174.41
 10.49
 21.39
 58.72
 20.58
 31.67
 10.37
 82.61
 24.89
 11.63
 36.79
 24.10
 52.93
 66.54
 12.13
 14.51
 13.33
 33.29
 15.52
 16.56
 97.48
 18.30
 15.62
 26.97
 21.33
 11.74
 15.85
 11.15
163.95
 19.63
 18.47
 91.54
 80.99
 24.11
103.35
 49.94
 51.98
140.29
 67.37
 22.30
 18.62
 16.76
 15.28
 43.06
 24.01
 21.03
140.18
 32.62
 13.00
 18.32
 19.69
 18.11
 31.23
 15.20
 79.12
 37.83
 28.10
 63.47
 30.04
 26.34
 86.48
 15.82
 54.21
 29.24
 15.18
 46.70
 12.74
 83.49
 29.25
 10.10
 26.28
193.54
 29.28
 11.10
 47.79
 27.63
 80.85
 33.64
 22.97
 90.47
 26.71
 10.05
100.93
 82.53
 22.51
 23.31
 10.61
 75.47
 81.20
 35.83
 18.60
 46.17
 54.13
 36.76
 29.47
100.51
 14.29
 12.01
 11.72
 22.91
175.99
160.07
 10.42
 40.77
 14.73
154.57
 81.58
 10.26
 47.16
 32.01
102.15
133.49
 51.25
 61.47
 12.31
 50.23
 11.06
193.23
 57.32
 24.98
 23.02
 67.61
 12.02
 10.46
 15.08
 21.35
132.81
 54.00
 20.69
 43.10
 12.07
 19.37
 22.98
 30.79
143.18
 49.20
 50.34
 15.06
 30.20
 14.73
 25.06
 12.39
 18.56
 13.42
 32.53
 19.87
 14.70
 40.99
 20.43
 32.40
 64.39
 45.43
127.73
166.24
 12.14
101.39
 18.80
 15.52
 55.36
 30.24
 45.70
 18.44
 10.97
 37.69
 10.62
119.42
 11.94
117.68
111.95
 31.09
 18.91
 10.84
 20.31
112.24
 32.14
 16.97
105.91
 87.26
 16.89
 25.46
 19.21
102.75
150.59
 21.89
 17.89
 16.09
 46.98
135.74
 32.30
 10.46
 60.30
 21.62
 23.99
 63.86
 99.76
 11.94
 10.63
 77.91
 13.48
 11.01
 30.09
 14.77
 15.47
 35.21
 23.04
 20.94
 35.45
 53.43
197.35
 49.80
 14.37
 21.53
123.94
 28.02
 13.15
 19.17
 50.21
 28.96
141.95
 26.14
 12.16
 13.76
122.40
 28.53
161.46
 66.62
 24.72
 13.39
 17.78
 13.37
 30.57
 10.14
 20.71
 45.33
159.51
 15.82
 20.72
 17.37
 11.52
 28.63
 74.85
 89.68
 38.65
 17.19
 47.13
 19.71
 67.89
 10.86
 22.63
 21.34
 42.95
 19.84
 23.21
 13.75
 82.12
 71.61
110.05
156.29
 33.75
 16.93
 25.32
 11.36
 95.06
 49.50
 47.15
 14.38
 70.56
 20.59
 12.65
 69.46
 25.22
 10.03
140.11
111.31
 36.28
 53.28
 15.15
 23.66
 22.00
 29.27
 56.08
 14.41
 76.01
 15.16
 61.98
192.77
 13.77
 88.33
 17.06
 11.10
 15.99
 66.83
 10.35
 19.74
 20.50
 29.19
166.97
143.83
157.31
131.63
 15.26
 30.79
 12.92
 72.79
 67.66
 12.88
196.69
 48.05
 10.65
 56.02
107.33
 10.21
 88.76
 10.31
 38.58
 33.01
 28.86
 31.27
 22.09
 88.60
 30.74
 13.28
 27.29
 17.97
 24.67
 20.29
 12.97
 35.26
 25.57
 21.49
 40.94
 26.75
 16.20
 10.88
 26.84
 20.96
 19.07
 20.05
 12.92
 32.08
 75.56
 13.08
 12.05
110.47
 46.01
 35.73
 37.33
 15.94
 31.68
 16.98
 11.99
 10.55
 10.57
 24.83
 86.55
 10.40
127.61
 18.97
 32.65
 43.66
 25.35
 10.77
 58.76
 11.14
 24.93
107.24
 21.32
158.24
184.72
 14.00
 30.19
 29.37
 65.23
 23.99
 27.09
 68.89
 89.13
 11.80
 64.38
 12.45
 29.70
 74.39
 27.58
 12.63
 11.59
 42.15
 27.35
105.30
 37.15
 22.48
 10.91
 35.49
 45.52
 28.40
 34.59
148.37
 35.69
 14.21
 53.46
 12.30
 24.08
 12.68
 28.87
 69.32
 19.19
 33.34
 16.44
 60.37
 59.32
 10.24
 20.28
 11.85
 20.26
 54.75
 80.47
 33.57
192.86
 21.95
 40.61
 16.95
 11.58
 99.82
 36.85
 29.66
101.79
 18.59
 11.88
 10.12
 18.17
 11.41
164.86
 52.35
 13.10
 32.33
 36.05
 10.79
 51.80
 14.00
 48.87
 10.85
 14.55
 41.72
 59.20
 16.96
 26.83
189.09
 15.84
 27.87
 19.10
 43.17
 10.97
 86.84
111.73
 24.00
 13.91
 33.64
 15.85
 24.61
 23.11
 52.91
 10.68
 13.78
 25.83
 44.60
 32.88
129.50
 47.43
 28.49
 22.07
 63.44
 12.85
 14.11
 17.67
 11.39
119.79
 10.81
 44.74
 31.28
 17.41
