145.57
 10.96
 12.83
179.53
 52.75
 11.03
 19.25
 18.05
 18.05
 14.09
 22.85
 12.07
 15.70
 16.16
 13.95
 30.58
 57.36
 28.32
 36.63
 34.31
 24.15
 33.06
 17.18
 30.46
118.86
 54.30
 19.63
 24.79
 55.88
 12.53
 27.27
 10.76
 28.88
 30.36
 14.78
 73.67
 11.73
 24.47
 31.99
 18.95
170.96
 19.54
 23.29
 15.03
111.30
 12.65
107.27
102.08
109.73
 30.91
 10.80
 80.20
103.20
 43.47
101.78
 11.75
 14.80
 12.67
 21.37
 11.76
 25.93
 26.16
 14.99
 17.27
 29.94
 19.24
 13.93
 14.56
 69.42
 14.71
 20.51
 15.25
 98.81
 55.99
 12.93
 19.53
 16.22
 87.78
 20.40
 13.92
 15.03
 88.35
 28.64
 11.70
 50.39
 14.97
106.93
 33.86
 33.62
 10.51
 15.16
 24.30
 18.50
 14.07
 41.09
 30.79
 13.74
 24.31
 57.02
 11.65
 15.35
 14.39
 12.50
 15.64
 22.15
 14.06
 40.74
 47.73
 14.57
 51.03
 25.55
 77.05
 38.29
 17.94
 18.73
 16.70
103.96
 18.56
 44.07
 45.62
 63.51
 36.17
 19.69
 40.25
 19.16
 46.02
 16.45
 14.69
 19.31
 27.29
 11.75
 56.30
 15.82
 60.20
 43.16
 94.86
 20.45
 25.82
 20.50
176.52
 46.90
 13.94
 10.28
 11.35
107.36
 14.72
 41.90
 12.54
 36.47
 13.29
 32.66
 44.99
 18.13
 55.40
 73.40
 27.58
 21.90
 26.44
 60.97
 66.85
 39.65
 10.67
 10.32
 10.37
 37.70
 50.17
 10.14
170.48
 13.94
 36.99
 25.17
 25.14
 14.04
 32.85
 19.57
 47.01
 20.50
143.31
 35.66
 17.41
 12.91
 32.53
 68.55
 10.67
111.90
 24.49
 19.54
 20.26
 12.11
 15.91
193.19
 18.74
 19.74
 28.31
 19.71
137.74
 19.29
 37.18
 14.15
 42.49
 28.29
 15.34
 16.68
 57.55
 68.74
196.26
 31.87
 95.28
 61.87
 10.99
 20.26
 18.11
 25.50
 18.96
 52.63
198.75
 14.22
 18.35
 48.08
 33.60
143.65
103.92
 95.87
124.37
 11.81
 61.00
 12.73
 10.03
 23.96
 26.61
 15.29
 83.62
 10.08
 14.40
 64.35
 15.90
 39.43
 21.48
 21.39
132.80
 33.69
 13.43
 20.06
168.39
 89.57
 14.82
 11.58
 18.72
 11.30
 11.16
 16.03
141.35
163.93
 20.17
158.76
 16.59
 47.62
 60.65
 12.21
 70.99
 10.41
 11.66
 17.80
 10.23
 28.79
 49.93
 95.91
 43.49
119.17
 34.73
 16.64
 35.60
108.91
 59.56
 21.36
 14.16
 12.46
152.22
 98.68
 12.56
 26.75
 11.69
 17.46
 30.73
 60.32
 32.38
 26.01
 45.55
 26.91
 19.91
 29.32
 80.19
 88.22
 17.30
 11.83
 29.41
 35.67
 44.40
 10.93
 38.02
 28.63
144.41
 13.62
162.79
 20.97
 29.12
 13.35
 14.00
 25.40
 38.76
 36.66
 41.28
 11.32
 37.21
 32.29
 23.30
 16.00
 11.85
 24.08
 17.17
138.90
 45.84
 15.66
 63.91
126.46
 35.99
 31.64
 86.11
 11.88
 37.27
135.75
 45.31
 19.46
 16.02
 19.22
 13.23
 93.97
 36.47
 88.14
 19.48
 23.40
 19.48
 50.33
186.83
 14.05
 34.88
 15.06
 25.58
 13.88
 33.01
 10.91
 14.05
 16.61
138.39
 54.10
 59.77
 40.90
 36.90
 16.94
 11.15
 33.68
 49.47
 25.48
 19.94
 15.30
 17.22
115.88
 17.50
 27.23
 18.03
 28.81
 59.75
 79.18
 83.86
 55.22
 51.40
 64.79
 38.85
119.57
110.02
 29.35
 34.47
 26.64
 49.16
 21.82
 41.67
 21.71
 15.11
 37.14
 19.57
 13.51
 15.57
 13.44
 26.90
 19.45
 14.26
 28.60
146.31
 21.05
 21.64
 12.46
 60.69
 50.48
 88.05
 45.16
 10.35
 20.09
 43.37
 49.66
 92.09
 51.08
 61.73
 11.87
 25.37
 45.25
 12.32
 43.78
 97.54
 14.37
 13.67
 15.39
 23.87
 27.44
 73.70
 17.75
 23.70
 28.97
 72.02
 87.57
 35.97
 14.63
 70.55
159.95
 36.24
 18.59
 13.36
 29.24
109.05
 58.97
 39.74
 38.60
 54.93
 10.47
 11.28
 13.78
 15.82
 15.85
 85.30
 32.63
149.14
 73.38
 11.91
 27.59
 17.51
 13.96
 26.79
 13.39
157.14
 45.95
 13.03
 53.48
105.46
 14.16
 13.10
 16.23
 12.81
 16.48
 67.97
 15.88
 13.19
 11.74
 41.74
 11.05
 34.13
 14.08
 81.87
 64.23
 62.03
 21.57
 10.05
 25.24
 24.27
 11.02
 13.29
 10.14
 10.35
 10.55
120.17
 20.64
 14.87
 20.19
 13.87
 15.87
 95.76
 15.95
 10.85
 68.64
 26.87
 32.02
119.08
 15.48
161.83
 14.49
 28.69
 92.20
 38.51
135.50
180.30
167.42
 10.67
 34.96
197.92
 16.13
 15.88
 11.10
 96.65
 18.65
 25.48
 41.95
 56.08
 16.16
 29.39
 39.38
 36.44
 38.78
 23.21
 59.79
 34.94
 56.49
 22.55
 19.90
 15.05
 27.90
 11.44
 13.20
 11.83
 28.88
 23.98
 26.70
 26.69
 13.36
 14.28
 10.01
 41.58
 70.04
 18.55
 15.24
 18.50
 17.93
 27.79
 13.82
 17.38
 26.23
 17.50
 14.05
 29.14
 36.93
 31.23
 19.36
 14.96
 11.70
 13.93
 18.15
 38.32
159.08
 16.91
 14.77
 21.79
 12.93
 11.50
 32.72
 17.91
 10.33
140.67
 24.86
 10.53
 12.37
 26.15
 11.54
 18.14
124.26
182.69
 42.84
 93.48
 14.98
 17.82
 20.40
196.51
 17.17
 25.80
140.08
 17.14
 37.13
 28.67
156.63
 17.73
 12.65
 11.36
 33.66
 60.84
 13.45
 17.73
 20.79
 82.27
109.21
 28.00
 13.92
 66.83
 21.71
 19.14
 19.75
 19.94
 23.65
 80.30
 57.82
 14.60
 34.58
 63.76
 23.86
 25.18
 26.71
 14.33
192.00
 72.86
 33.27
114.45
 37.61
 20.99
 14.45
 17.41
 14.10
 20.43
 13.31
 14.48
 34.94
 64.41
 14.67
 18.78
 48.31
 37.83
 13.74
 10.43
 20.68
 17.38
 32.71
 14.99
 10.12
 16.31
 13.19
 10.07
109.66
 47.30
 12.65
 15.97
 43.20
103.18
 26.42
 11.63
 19.13
 16.22
 10.69
 16.76
 39.09
 17.18
 25.36
 60.83
 20.35
 14.35
 20.63
174.50
 37.33
107.43
 23.80
 13.39
 42.81
 18.20
 95.68
 26.63
 24.09
 18.51
 15.91
 10.04
 13.71
 35.04
 19.79
 26.34
 24.02
 47.30
 10.67
 23.53
 69.50
 20.80
112.29
 31.82
140.57
 69.78
 16.18
 15.94
 24.73
 15.62
 18.27
 15.13
192.62
 19.66
 10.28
185.65
 26.37
 25.01
 29.11
 21.05
 23.09
147.31
 10.01
117.09
 65.43
105.12
133.76
 16.82
 72.70
 10.42
 58.76
 19.88
 20.50
 19.66
 56.88
 16.00
 59.75
 10.13
 10.37
 66.75
 18.27
 11.44
 26.55
 57.01
 27.58
 41.74
 26.07
 28.50
 22.57
 37.23
108.32
 20.96
 37.01
 32.83
 64.38
 22.07
 60.33
 59.70
 11.99
 13.66
 31.23
 68.76
 40.87
 43.67
 13.69
 44.46
101.57
 13.05
 73.83
 21.42
 38.64
114.35
 11.09
 27.04
 37.92
181.23
 22.57
143.56
 37.39
 29.75
 36.09
 10.87
101.36
 30.65
 47.47
135.68
 25.26
108.16
 11.17
 12.27
 10.00
 34.83
 15.43
 56.78
 36.50
 59.35
 18.92
 23.00
 12.60
 32.86
 21.62
 16.01
 19.14
 13.44
 22.11
 14.83
 45.40
 28.92
 16.30
 62.55
 13.65
 42.53
 23.82
 12.65
 13.44
 16.73
 79.41
 16.78
 20.33
 24.48
 11.64
 24.20
 47.77
139.98
 11.41
 10.74
172.69
 54.64
 10.21
 13.17
 31.65
 11.68
126.10
 73.79
 41.54
 26.33
138.87
 64.54
 55.77
 13.25
 49.14
 11.48
110.84
 15.89
 12.04
 28.62
 41.21
 38.58
 97.31
 81.44
 55.21
 53.26
188.96
 10.68
 75.95
 91.80
 90.84
 48.49
 12.44
 95.71
 48.44
 50.66
 42.41
 25.32
 16.66
 14.02
 24.30
 73.46
 48.28
 52.74
 48.73
 13.45
110.12
 24.92
 26.97
 11.53
 16.49
 12.57
 10.61
 13.57
 17.58
 42.72
 24.57
175.02
 20.79
 13.34
 15.79
 98.32
 45.60
 47.46
 12.04
 53.40
 62.71
 23.17
 11.27
 14.77
 12.68
 46.93
 65.60
 11.32
 10.75
 41.48
152.70
 29.15
 12.33
 30.32
 68.85
 51.83
 16.36
 14.32
123.08
 37.72
 10.84
 13.07
 20.79
 26.69
 15.38
 10.88
 31.53
 20.78
 41.48
 62.60
191.53
 11.99
 13.71
 12.10
 13.54
199.54
 10.99
 23.59
 22.89
 69.21
 11.47
 22.40
160.37
 45.26
 63.95
 28.17
 10.22
 93.97
 24.03
 95.92
196.63
102.63
 76.64
 10.21
 33.31
 24.95
 67.08
 10.28
 14.72
 84.77
104.05
 10.09
 26.13
 12.32
 15.81
 19.15
 11.00
 18.20
 20.29
 35.10
 83.72
 32.48
 12.30
 11.47
 21.67
 19.69
 14.12
 16.45
 27.13
 46.16
111.78
 10.50
 37.98
 23.90
 18.73
 10.31
 28.93
 64.83
 12.14
 70.49
 17.07
 23.15
 51.44
 35.69
 30.12
 16.40
 11.04
 10.38
 19.72
 12.73
 10.91
 28.06
174.26
 35.61
104.66
 20.28
 18.16
 25.01
 10.68
 21.75
159.40
 10.69
 30.19
 31.73
 51.42
 27.03
174.54
169.37
 59.12
 15.19
 22.77
 94.87
 17.39
 36.27
 22.56
 24.91
 53.22
 47.50
 25.57
 17.19
 11.43
 17.17
 12.95
146.05
 20.37
143.40
 21.24
160.67
192.22
 12.03
172.46
 14.27
 12.99
 90.83
 16.10
 23.86
 40.08
190.25
 12.84
 15.54
135.66
 15.39
 82.85
 15.21
 42.02
 46.35
 23.32
102.95
 13.66
 37.90
 57.32
 11.31
 14.18
 51.43
 15.06
 20.85
 41.42
 98.08
 87.24
 22.55
 14.71
175.12
 15.74
183.62
 16.39
 76.86
135.61
105.01
 16.93
 34.23
 31.67
192.58
 69.83
 42.88
 22.90
 20.92
 40.96
 57.10
 13.83
 37.70
 16.36
 49.34
 11.31
 61.01
 10.68
151.18
158.66
 44.52
 54.58
 26.83
102.99
105.64
 46.85
 35.72
 30.44
 23.53
 15.06
181.46
 45.18
 73.46
 55.68
 10.03
 16.35
 10.83
 36.43
 24.70
 19.83
 78.68
 38.06
 41.73
121.70
 20.72
 11.25
 46.20
109.86
 10.81
 19.45
 86.77
 26.69
 28.91
 15.76
 30.57
 10.35
103.05
 10.95
 12.50
 22.76
 18.12
 26.74
 39.41
 11.48
 74.72
 14.82
 40.84
 26.27
 20.00
 34.37
 13.00
 30.44
 42.58
 15.47
 13.01
 36.77
122.55
 85.01
 46.41
 22.49
 16.20
 49.16
 19.16
 94.84
 29.48
 10.74
 12.74
 17.91
 52.71
 14.17
 27.21
 12.70
 10.10
 37.02
 27.50
 11.32
 42.31
 67.68
 30.45
 10.02
 52.31
 12.24
 46.18
 11.90
 15.85
 22.47
 19.24
 16.74
 14.06
 48.32
 14.11
199.59
 53.81
 20.15
 98.70
 10.15
 15.24
 19.88
151.95
 14.97
 37.24
 54.67
 10.87
 16.05
 22.58
 12.83
 13.76
 27.58
 10.14
 45.04
 12.44
 43.36
 38.18
163.42
 11.78
 14.51
113.16
 14.64
 56.80
 43.06
 19.37
 29.03
 28.18
 11.06
101.85
125.21
 10.96
 10.89
 16.08
100.96
193.28
 13.15
 10.67
108.03
 13.54
 78.08
 14.51
 18.46
 12.71
 93.83
 11.60
 23.14
143.51
 73.58
 18.40
 29.28
 26.86
 12.95
 12.36
 26.46
 23.81
 29.02
 37.51
 12.43
 15.39
 14.01
 52.47
 16.91
 14.19
 42.07
 12.99
 15.28
 63.54
 12.13
 25.60
 38.65
 11.06
 12.25
 22.23
 46.03
 11.27
 99.79
 15.79
 12.72
 19.74
 68.01
 12.21
 35.71
 10.18
 23.02
 13.23
 20.70
 61.65
 61.25
 15.61
 77.24
 10.50
 11.80
 12.62
 48.61
 11.41
 13.55
 31.19
 61.31
 24.89
 26.32
 79.33
 15.17
 10.69
 31.17
 11.11
115.75
 19.29
 44.43
187.51
 36.95
118.40
 25.09
 53.86
 23.23
 13.96
 95.84
 40.81
 16.22
 56.72
 13.29
 23.40
 14.28
 23.25
 10.97
 23.16
170.70
 14.12
 80.48
130.72
 38.15
 78.45
 11.44
 40.11
192.66
 10.62
 43.86
 16.71
 21.63
 15.46
 40.45
 15.36
 20.43
 33.37
 48.21
 14.38
147.41
 30.79
 10.45
 76.64
 10.01
 19.80
 58.17
 19.74
 17.00
 56.64
 14.25
 58.29
 65.93
136.30
 78.46
 98.76
 29.68
 11.04
 19.73
 54.27
 93.45
 11.57
 15.78
110.60
 29.77
 10.90
 10.55
181.61
 31.06
 82.06
 15.80
 76.88
 25.89
162.45
 20.21
 35.58
 16.44
 46.12
135.85
 31.61
131.50
 18.71
 18.87
 81.82
 25.80
 41.16
 14.47
 16.64
 30.12
 11.88
 11.72
148.28
196.15
 21.78
 18.59
 15.63
 38.34
 33.11
 13.96
 51.48
133.25
 11.76
 28.28
 12.83
101.58
 15.52
 27.98
 24.88
 32.99
 36.26
 31.47
 14.20
 13.03
 20.51
 16.63
 17.18
 16.92
 16.77
 10.08
 40.97
 17.48
 11.41
 44.64
 59.19
 11.29
 27.25
 29.78
 30.27
 47.09
149.29
 10.13
 12.50
 60.64
131.76
 35.42
 14.44
 11.84
 12.88
111.95
 14.22
 72.87
 10.99
 79.40
 16.29
 10.17
 70.13
 22.51
 53.04
 37.82
 34.93
 52.68
108.14
 55.95
 34.99
 27.57
 26.07
 88.43
 13.30
 23.19
 93.27
 10.04
 75.71
 22.99
 59.36
 18.48
 57.62
 63.99
 17.48
 11.32
 15.91
 16.92
 58.29
 37.42
 14.76
 53.87
 25.12
 82.66
 10.86
 68.85
 10.07
 30.78
 10.47
188.25
 15.99
 17.44
 35.41
 40.42
 10.23
 50.45
 17.82
 97.89
132.45
 35.34
 32.58
 13.04
 21.69
 97.02
150.14
 28.54
 46.38
 22.78
120.53
 17.96
 49.61
 32.14
 19.57
 19.58
 40.85
 24.21
 52.01
 17.68
 30.67
 58.17
 23.04
 55.73
 10.59
 79.06
 42.59
 13.15
 41.16
 22.26
 11.29
 12.18
 32.58
 11.97
105.24
 19.60
 51.13
 82.06
 17.74
162.83
 22.75
174.29
100.15
180.34
 14.48
 20.56
 67.51
 15.72
187.90
163.49
 13.04
 14.31
 12.98
111.81
 90.13
 11.37
 15.73
 43.37
 50.44
 30.22
 40.65
186.06
 15.40
 35.87
 12.87
 23.87
 15.46
 13.96
 27.08
 89.83
 87.97
 17.24
 70.40
 53.97
 23.99
 13.86
117.69
 61.70
 25.68
 16.14
 26.67
 14.30
 36.55
 32.01
 24.65
 10.25
 56.66
 43.44
 13.09
 25.01
165.62
 21.69
 11.59
155.24
 34.59
 19.40
 47.07
143.28
 13.02
 13.13
155.01
 44.80
 67.24
 32.10
 40.60
 60.37
184.22
 35.40
 45.87
 39.77
 11.14
 21.78
 60.87
 12.08
 20.21
 37.44
 16.19
 53.59
 41.42
 85.76
 98.71
 22.05
 63.92
 20.03
 12.85
157.73
 12.27
 91.24
124.17
 21.76
 10.73
 14.29
 15.75
 12.66
 14.54
 43.89
 18.80
 13.07
 23.91
 39.20
 10.56
 37.40
 16.43
 30.21
 56.30
 11.29
 63.65
 15.68
 21.44
 87.58
 27.27
 12.62
 19.42
 50.11
 16.46
 29.60
 12.84
 53.75
 16.24
 13.17
 74.85
191.46
 35.37
 75.70
 12.79
 66.35
 25.25
157.86
 20.90
 38.68
 57.74
117.05
 54.98
170.15
 17.73
 40.36
 74.38
 39.89
 18.68
 18.52
 20.29
159.23
 41.36
 52.47
 20.51
133.32
 29.70
 82.04
 29.84
 10.97
 73.07
 10.26
 22.57
154.17
174.38
 55.08
 89.09
 11.47
 69.61
 11.33
 10.05
 13.58
 13.31
 28.36
 11.91
182.38
172.86
 58.56
 57.37
 21.86
 10.65
 32.55
164.36
 14.41
 10.57
126.99
 12.66
 25.64
 41.69
 28.16
 11.65
 18.20
 18.12
 15.72
 27.63
 45.54
 13.50
 15.35
 43.53
 44.19
 10.37
 68.82
 24.87
 21.21
 58.24
 16.57
 42.85
 11.64
 78.19
 21.25
 15.47
170.50
 50.44
 15.56
 18.61
 86.73
 94.42
 13.50
 30.62
 11.10
 21.90
 16.32
150.93
 88.26
104.29
 17.06
138.82
 47.18
 13.78
 44.97
 31.33
 60.30
 11.10
 60.06
 31.76
 12.49
 13.98
 12.96
 12.81
 11.58
193.20
133.32
 12.01
 21.51
 13.05
 17.52
 24.62
 21.61
 10.31
 14.74
 23.45
 22.78
 39.72
 41.31
 54.92
 11.50
 17.22
 54.32
 46.18
 42.11
 11.39
 34.77
 17.95
 28.94
 17.64
171.12
 12.78
 19.24
 12.93
190.01
 12.11
 18.29
 13.21
 25.38
 25.81
 23.89
 14.43
 26.64
 70.05
 19.15
132.78
 14.18
 22.56
 76.26
 15.43
 24.45
 13.81
 51.17
 27.29
 30.55
 10.82
 26.38
 10.55
103.17
 17.38
 62.98
 19.33
 15.74
 18.60
 54.44
 33.84
196.51
 24.14
 73.73
 11.52
 92.23
 11.56
 55.84
 22.38
 10.94
 24.07
 30.47
104.04
 44.92
 97.09
 12.53
196.98
 36.48
 26.09
 22.11
 10.49
110.05
 20.60
 50.66
 11.43
 49.37
 57.09
 44.94
 59.31
 24.60
 35.11
 35.54
 63.02
 28.41
 18.14
 13.45
159.78
180.63
 10.41
 13.06
 66.86
104.54
109.33
 12.61
 22.25
 43.27
 32.67
 27.08
107.83
 68.71
 90.67
 18.99
 21.39
 12.79
 17.82
 14.76
 22.46
 11.95
113.70
 53.94
 16.54
 12.53
138.08
171.72
 10.77
 24.13
 76.41
 15.45
 82.82
 17.56
 21.49
 16.06
 23.23
127.41
 80.67
 32.43
 15.75
 24.65
 38.02
 26.20
189.91
108.05
 18.30
 16.75
 29.69
 14.87
 32.31
 10.14
199.86
 11.20
 66.14
113.62
 16.08
 95.58
 57.91
 48.46
 12.45
 14.10
 24.72
 42.20
 87.84
 21.19
 10.67
 11.17
 34.74
 11.45
195.67
 20.22
 13.75
 69.28
164.86
 27.21
 15.57
 30.08
 10.27
 22.67
148.36
 24.51
 30.01
 14.50
 20.31
 10.34
153.32
 60.79
 24.14
185.41
 30.17
173.97
 35.58
 53.15
 14.59
 79.23
 19.13
 24.09
 11.21
 13.05
 13.66
 57.08
 72.84
 56.14
 69.73
 12.30
152.80
 21.43
 12.39
 33.15
 44.84
 36.25
 20.02
 92.59
 11.85
 52.23
125.23
 78.05
 20.63
 10.16
 31.96
 17.98
 42.82
 24.97
 20.14
 52.33
 30.81
 39.62
 61.34
 10.31
 23.04
 14.81
 19.29
 12.30
 83.73
 19.60
 11.74
 83.92
 83.97
 41.96
 10.45
 51.98
101.53
 18.70
 39.31
 82.52
 22.98
 36.52
 28.62
 16.17
 19.28
 32.12
 13.62
 13.71
 35.38
 31.06
 13.17
 12.36
164.93
182.84
119.61
 12.43
 25.19
 92.54
 13.02
 10.65
 34.26
 21.05
 28.59
 24.01
 10.79
 85.94
 65.87
 19.71
 17.85
 18.68
 19.00
186.77
130.33
135.56
 14.55
 12.03
197.22
 75.45
 15.98
164.96
 16.28
106.65
 14.37
 28.02
 19.53
 11.89
 93.56
 40.90
 78.07
 28.74
 42.10
 12.14
129.32
 11.46
 10.15
118.61
 63.62
 29.90
 15.49
116.08
 28.39
 13.77
167.02
 31.13
 12.57
 20.83
 16.29
 13.05
 81.81
 29.99
 17.73
 22.32
 14.73
184.82
 13.68
 19.35
 23.45
 16.81
 12.45
 30.42
 54.47
 51.20
 20.06
155.42
 16.35
 74.69
 21.78
 86.91
 39.70
 47.43
 17.40
134.09
 15.83
 56.17
 26.94
 14.06
 44.07
 23.11
 27.82
 11.13
 17.70
 11.44
 37.57
 37.26
 13.28
 23.52
 27.71
 16.16
 95.98
 40.49
 31.28
 26.16
123.78
 16.71
 58.22
 11.83
 28.23
 25.23
 21.37
 14.44
158.76
 17.64
 34.85
 40.36
 46.36
 19.07
 28.38
 96.56
121.49
 22.74
 27.65
 67.28
 40.51
 11.94
 16.77
 11.41
 69.05
 10.63
 13.81
 16.51
 67.34
 13.82
 87.49
 31.67
 72.92
 47.28
 36.05
 11.71
 11.12
 34.50
 11.16
 38.01
 23.76
110.45
 15.46
 18.38
 52.80
130.49
 14.59
 19.60
 13.75
149.54
 21.53
 11.22
 28.31
 12.09
 59.10
 16.21
 19.08
 56.24
 62.36
 49.33
 44.91
 12.92
 39.58
 42.59
181.89
 25.51
 12.77
 15.22
 11.07
196.48
 36.62
114.76
 11.56
 13.47
 29.86
 12.75
 87.65
 92.61
 48.62
 48.42
 32.36
146.86
 37.58
149.79
 20.92
 39.17
 73.71
 34.55
 26.96
 10.33
 19.39
 30.92
110.78
174.80
 10.40
118.82
 14.42
 16.48
 41.88
 21.09
 51.29
 14.08
 39.20
 35.39
 37.63
 15.17
 12.75
 17.68
 12.77
 25.92
 39.33
 32.47
 11.87
 51.63
 60.36
 10.09
 42.40
 15.97
 12.27
 20.77
126.90
 14.88
 35.94
 30.40
 12.11
 13.50
 98.00
 11.22
 10.62
 33.95
 10.47
195.64
 49.16
 75.26
 17.10
 17.79
107.51
 19.96
 68.08
 26.24
 12.03
 69.46
 58.77
 11.72
 43.16
 30.21
 13.59
 23.96
 71.21
 45.98
187.85
 88.48
 58.05
 16.63
108.16
 21.96
 10.14
 15.25
 27.91
 69.34
 54.46
 13.21
 76.00
164.95
 12.90
 22.21
 10.39
 14.33
 25.52
 12.24
122.82
 39.97
 15.33
 15.35
 14.66
 18.65
 11.49
 23.28
 84.24
 13.80
 46.13
 84.94
158.18
 19.46
 13.70
135.40
 40.40
104.11
 36.92
 13.90
 66.85
 12.29
 24.05
 26.60
 15.06
 11.80
 14.57
 45.94
 22.39
 67.18
 31.90
 12.27
 38.32
 51.29
 95.02
125.29
 44.60
 31.70
 28.61
 28.20
 85.56
 10.05
 21.71
 13.15
 10.27
 14.95
 27.60
 16.72
 12.80
 22.27
 33.19
 19.95
148.42
157.47
 60.62
 32.99
 67.13
123.24
 71.77
 30.29
 55.11
 14.15
 42.34
 10.14
116.20
 19.18
 97.61
 31.43
182.25
 23.41
 40.30
 37.49
 39.15
 16.17
 29.51
 35.80
 52.16
 28.82
 11.26
151.33
 17.59
 48.94
 40.63
121.67
154.86
 12.97
 27.07
 69.76
 62.66
 11.51
 42.86
162.93
 19.35
 13.96
 35.63
 31.64
 40.71
 73.63
 41.93
 21.56
 40.89
 24.18
 15.53
 16.19
 30.04
 14.80
 46.46
 31.22
 11.03
 40.93
 31.26
 20.89
 12.26
 19.04
 30.88
 24.16
 10.96
 10.24
 12.83
 38.95
 13.14
 51.16
 45.94
 42.14
 29.00
 10.44
 18.24
 11.37
 19.44
 41.86
 11.69
 11.72
121.02
 35.81
 16.80
 38.24
 14.36
 38.85
 11.21
 20.66
104.44
 58.08
112.28
 93.99
 59.92
179.69
 78.38
 59.20
 85.58
 13.17
 26.60
 30.98
 96.72
 14.29
 24.29
 15.26
 17.94
 17.15
 86.62
 81.11
 55.38
 13.48
 40.38
 74.04
 59.84
 21.76
 37.32
 38.17
 69.15
 44.97
 22.01
 29.36
 35.17
 11.00
 64.80
 25.71
 34.04
 43.89
 16.22
103.31
 36.59
 70.11
 16.40
 28.51
 31.54
 82.85
 20.43
 10.68
153.28
 18.29
 10.82
 10.33
 92.37
183.22
 14.08
 13.96
 20.53
 36.30
 74.32
 10.86
 30.20
 35.87
 16.24
 41.43
 61.98
 20.01
 17.89
 40.14
 13.38
 13.82
 13.89
 11.69
 12.04
 83.59
106.53
 30.01
 40.74
 48.12
 15.64
 55.59
 12.88
 24.24
 16.90
 47.45
 10.65
 20.38
 49.92
 14.78
 12.98
 18.82
 11.74
138.29
 87.52
 24.57
 17.85
 28.61
 37.23
 31.11
 35.38
 35.80
 21.49
 32.86
 72.23
 27.71
 30.90
 19.64
 12.08
 31.19
 10.75
 16.92
 12.79
125.49
 25.74
 10.51
 63.65
 12.14
 17.13
 60.04
 13.78
 73.10
128.16
 17.20
 10.97
 25.84
 88.25
 65.91
 13.81
159.05
 22.18
 25.21
138.68
 27.07
151.50
 24.19
 20.04
 33.00
 18.29
 11.36
 19.80
 21.62
 11.71
100.71
 18.87
 54.34
 12.28
 10.66
 73.34
 57.42
107.64
174.86
 36.99
 56.73
 32.63
 16.42
 94.92
 20.24
 84.02
137.07
 14.36
 11.55
 24.74
 28.74
 16.29
 42.93
110.73
 97.42
 12.18
 14.11
 40.43
 13.80
 56.40
 62.70
 14.03
 11.99
 15.44
 16.05
 54.13
 28.70
 32.53
 49.63
 14.05
 23.34
 32.93
 36.23
 46.75
199.17
 72.59
 11.62
 14.42
 12.10
 35.04
 39.59
 32.30
 46.95
 20.03
 64.24
 11.74
 19.99
 51.33
 18.16
 28.07
182.67
 64.95
 18.61
 43.27
 13.23
 21.35
113.29
 19.77
 22.52
 11.06
 57.19
 29.54
 27.46
 13.65
 10.05
 10.26
 44.52
 27.82
 56.60
 36.30
 33.94
 12.28
 54.82
 13.95
 14.46
115.19
 17.24
 27.70
 41.38
 94.00
107.60
139.53
 33.21
 38.07
 16.50
 22.19
 56.26
 14.07
 18.37
 30.56
 76.74
 89.73
 20.67
 12.06
 17.36
 11.86
 36.08
 17.95
167.64
 10.18
 10.58
 18.89
 14.08
 13.41
 12.53
 44.72
 13.66
 93.66
 23.81
 34.00
 10.47
108.77
 10.02
 11.88
 19.78
 18.07
 10.12
 33.05
159.23
 19.79
113.18
 13.31
 30.96
 37.09
 34.19
 10.48
 10.17
 11.26
 24.40
 17.96
162.60
 28.61
 31.90
 12.31
 96.16
 87.38
 36.32
128.16
 26.19
 85.09
 68.96
 14.35
 28.22
 42.94
 15.35
 19.53
 32.56
 22.45
 12.17
145.06
 45.85
 42.73
 15.45
 45.03
 20.55
 44.47
 18.05
 47.53
 13.77
 47.27
 80.85
 10.28
 22.22
 23.73
 11.02
 12.67
 85.17
 18.30
 96.99
 18.01
 76.22
 10.27
 21.50
 13.25
 79.15
 48.72
 21.79
 16.79
 20.74
 10.16
 16.25
 25.19
 22.32
 86.81
196.34
 35.46
 23.28
 19.23
 11.23
147.00
 37.23
 80.83
 63.72
133.60
 13.33
 16.31
 45.04
 46.36
 20.87
109.80
 54.69
 16.29
 10.58
 35.37
 28.77
 12.00
 11.57
 26.86
 12.28
 46.39
 65.87
 17.49
 84.40
 20.38
130.04
 14.70
 19.63
 10.85
 38.00
 57.95
 82.89
 27.71
 29.89
 22.23
 10.21
 16.05
 10.28
 19.63
 85.59
 13.21
 27.41
 23.62
 20.55
 10.04
135.80
 78.99
 19.62
 24.69
 33.61
 34.42
 12.40
 43.01
 23.02
189.26
 73.42
 26.37
 56.98
 22.83
 82.23
 10.63
 23.27
180.08
 42.29
186.44
 41.36
 26.89
 50.76
 60.06
 20.89
 27.69
 12.11
 23.45
 29.21
 15.63
 92.60
 27.27
 21.31
150.26
 11.78
 12.29
 64.40
121.84
 79.83
 14.38
 11.26
 17.24
 10.40
 95.71
 30.83
 11.64
 15.56
 10.94
 35.34
 15.75
 71.74
 16.13
 36.86
 24.06
 12.08
104.09
 80.69
 24.33
 13.70
 34.94
 17.92
 84.92
 13.33
 22.07
 23.21
 33.48
 34.01
 47.19
 32.74
 19.06
 44.90
 53.37
 35.88
134.46
 21.50
 26.81
 80.27
 89.80
 16.07
 20.93
 19.40
 13.82
 17.36
135.96
 34.20
 36.98
 10.20
 28.66
 11.05
 36.02
 26.34
 18.13
 30.35
 59.40
 11.32
153.80
 29.65
 37.26
 11.60
144.60
 26.69
176.54
 66.15
 12.52
 12.95
102.67
 24.87
 45.64
101.24
 26.77
130.16
 27.37
 10.85
 14.16
158.38
 49.22
 37.29
 11.99
 12.29
 68.48
 11.07
 21.21
 15.22
 78.55
 12.90
 14.22
 40.92
 20.00
 83.72
150.34
 11.20
 19.57
 87.49
 50.87
 49.27
 15.79
 43.87
 13.53
184.90
 24.46
 45.06
 53.78
 21.56
 37.55
 46.80
 43.23
 16.69
 23.56
 10.27
 23.92
 14.04
 71.47
 46.88
 37.71
 14.24
 13.52
 48.26
 15.55
 52.55
 16.97
 20.22
 13.01
170.05
 11.52
 69.87
 84.68
 20.87
 11.60
 13.26
 24.74
170.27
 52.29
 10.00
125.43
123.49
 16.93
 19.45
 35.20
 17.59
 64.51
 21.32
 13.49
 10.59
 11.45
 11.42
 10.06
 69.41
 13.09
 54.35
 26.09
 77.80
 15.59
 46.25
 81.23
 18.85
 30.67
 13.26
 14.05
 45.11
 12.42
 70.13
 15.81
 16.52
 22.43
 11.47
 74.08
110.75
146.45
 19.25
 57.35
 25.66
 55.40
 68.74
 22.65
 35.26
 13.84
 51.45
 37.69
 34.35
 66.26
 71.80
 56.39
 15.09
 36.66
 41.35
 46.64
 42.03
 13.11
170.24
127.59
148.21
163.68
 26.01
127.75
 20.16
 34.49
 51.95
 17.46
 15.52
 78.06
 13.99
162.50
 19.14
 27.32
 33.27
 15.84
 18.18
 21.56
 21.00
 15.80
 28.23
 41.59
 18.63
152.22
 11.37
 56.67
 78.50
 14.65
 67.94
 26.86
 23.96
 19.04
 41.98
 21.54
 88.25
 24.37
 28.86
 54.04
 23.29
 17.68
 22.43
 36.82
 18.46
 18.20
 68.06
 12.10
 65.15
 86.77
 48.97
148.24
 31.93
 11.28
 12.08
 42.30
167.53
 11.09
 10.68
 11.47
 15.84
 10.43
 21.26
 10.73
115.42
 17.13
 14.26
 20.43
 11.22
 11.20
 22.85
 81.19
 36.18
 10.22
 13.62
 30.42
 16.35
 33.74
160.43
 33.55
 14.93
 22.78
 11.72
 19.38
 36.05
 10.01
 10.02
 33.60
 36.37
 10.09
151.76
 59.55
 10.04
 40.95
 17.12
 10.82
194.53
 22.96
 64.53
 39.39
 24.66
 67.55
 99.69
128.29
 10.40
 22.35
 37.00
 32.34
 83.23
 10.13
 67.16
 12.66
 31.18
 79.10
 13.21
 10.25
 16.04
 49.98
 28.87
 10.87
186.96
148.13
 13.37
 45.14
 11.71
 10.56
172.96
 12.61
106.00
 61.72
 10.58
194.05
 19.84
 16.33
184.57
 11.00
 36.11
 12.29
 19.44
 16.89
 99.80
 10.01
 76.84
 43.46
117.45
104.48
 17.20
 61.33
 31.46
 64.39
 71.14
 45.50
 28.88
 26.38
 57.98
 25.71
119.11
 52.99
 25.82
 41.78
 24.65
 87.19
 36.95
 10.16
 15.93
 25.04
 47.20
 11.71
 57.00
 20.18
 28.98
 19.64
 11.33
 21.31
 21.15
 30.45
 10.18
 44.23
111.96
 14.18
 78.44
 81.60
 10.11
 63.66
 19.77
144.26
 11.29
 16.26
 10.62
 22.51
 11.01
193.94
 80.70
 26.66
 82.73
 10.16
 24.07
 27.92
 78.90
 12.47
 10.22
 10.95
 26.46
 31.36
 28.28
 13.61
116.83
 14.18
 16.98
 20.88
 15.92
 16.85
 18.43
 12.14
 36.90
 56.50
 12.85
 58.44
 34.62
 11.73
 10.71
 10.94
 23.95
 46.33
 12.85
125.66
 34.68
 38.08
 43.34
 14.24
 26.08
 21.78
 43.77
 36.25
 40.83
 10.31
 14.55
 89.71
 24.88
 28.36
 17.43
 16.94
 94.07
 34.12
 42.25
 41.24
 11.02
 16.31
 39.40
 17.76
 10.71
 56.74
 12.21
 14.59
143.53
 59.77
 11.38
 36.79
 28.81
118.79
 61.38
 14.42
 24.69
 16.62
 40.42
 15.24
 32.90
 14.62
124.14
 13.89
132.87
120.99
 13.71
 47.24
 30.38
 22.75
 13.74
 19.92
 50.94
 10.60
 37.74
128.72
 12.42
 56.72
 11.63
 13.47
 44.64
 22.46
 13.51
 76.90
 10.61
 34.34
 28.03
 15.35
 15.17
 97.87
 30.13
 37.88
 43.13
 21.14
 11.86
 74.29
148.00
148.11
 11.16
 17.04
111.95
 10.77
 88.04
 11.97
 10.93
 62.07
 63.63
 59.03
 28.52
149.50
 10.49
 23.22
167.41
 16.14
 41.90
 52.84
 14.92
136.55
165.44
 44.13
 19.22
163.23
 12.11
 10.25
 16.96
 91.47
 55.08
 49.71
 52.57
 38.15
121.25
 14.27
 14.70
 60.15
 10.74
 11.30
 11.51
 17.38
 21.17
 13.52
 11.23
 12.85
118.30
 37.21
 15.26
 10.78
181.42
 31.28
 16.97
 24.02
184.63
 14.38
 37.19
 46.94
 88.13
 12.12
145.03
 10.50
 22.29
 11.72
 18.23
 64.62
 10.89
 42.24
 28.85
 22.39
 62.92
 22.08
 22.70
 77.34
 35.16
 29.42
 19.45
 14.62
 25.48
 12.31
 23.70
 38.94
 13.01
117.92
168.67
196.34
170.34
 18.44
128.50
 15.57
 12.59
 13.83
 10.32
 12.33
 39.57
 12.57
 47.83
 45.33
 12.69
 13.97
 20.34
 82.94
 22.44
129.24
 11.38
 16.96
 10.52
 13.21
 12.30
 22.44
 16.03
 14.26
 56.85
 32.72
 11.68
 44.94
 36.67
 28.48
 11.22
 15.40
107.19
 10.94
 10.11
 54.02
 22.09
 10.00
 31.88
 14.84
 34.79
 23.33
 11.49
 66.88
 18.72
 53.46
 85.35
191.11
131.79
 14.46
 29.84
 54.89
 43.28
 19.24
 12.26
 14.14
 14.28
 45.44
 66.63
 10.50
 12.90
 64.91
 21.69
 30.02
 26.42
 49.72
 23.83
 12.85
123.21
 27.75
 44.85
102.36
 52.93
184.45
 10.61
 79.59
 85.14
 11.37
 14.59
 28.62
165.20
 72.42
 16.18
113.53
 32.15
 92.48
 99.97
107.31
 10.18
 22.99
 22.69
 19.62
 13.42
 12.51
 13.39
 52.25
 49.61
 12.10
119.86
 21.81
 16.38
 17.96
102.47
 16.71
 33.73
 30.24
 32.71
 94.29
133.70
 53.08
174.77
 20.11
 11.61
 12.44
 31.60
 60.11
 32.17
145.90
 13.08
 25.15
 18.52
 21.49
 16.98
 61.52
 10.85
 10.22
 14.43
142.07
 40.75
 26.57
 15.69
 10.42
 14.91
 11.40
 86.42
 47.32
 69.83
 24.79
 10.75
 67.01
 29.33
 83.13
 35.55
180.40
 16.84
 44.54
 48.76
 13.18
 44.78
 45.40
 19.22
 77.50
 14.23
 11.37
150.01
 45.05
 12.57
 10.60
 10.70
 56.40
 29.78
 17.44
 14.94
 17.40
 12.81
 15.17
 28.30
 31.45
 22.63
 25.16
 18.85
 23.06
 95.70
121.06
 53.92
 21.00
 27.18
 47.05
 62.56
109.78
 27.81
 10.57
 34.81
 26.14
 49.04
 29.50
 76.51
 19.55
 38.35
 13.89
 45.77
 10.32
 37.15
 36.96
 25.27
 10.20
 48.33
 13.54
 10.11
 10.48
 12.90
 29.39
 72.66
 58.86
113.61
148.22
 11.07
 18.28
 14.62
100.41
 27.51
 12.65
 22.49
 14.89
 71.26
 15.94
 12.05
 94.70
 10.64
 13.56
122.69
 49.67
 29.45
 82.62
 13.79
 24.15
110.02
 88.72
110.77
140.46
 10.05
131.67
 36.68
188.92
 30.57
 52.44
 15.46
 17.48
 80.37
 24.94
 11.21
 34.13
 41.58
 27.49
 20.54
 38.97
 49.21
 21.20
 11.72
 11.34
 14.42
 10.42
 21.77
 14.15
 20.53
 76.88
 18.35
 24.15
 15.83
 62.31
 49.40
 10.47
 22.12
 62.63
 65.44
 19.10
 21.17
 40.95
 69.34
 23.79
 98.97
 91.13
 33.67
 32.57
 12.40
145.63
 58.08
 20.77
 46.74
 39.13
 18.75
 28.27
 10.17
 53.44
 37.97
 59.65
 46.40
 20.97
 10.10
 12.41
 99.98
 36.17
 70.45
 31.11
 31.87
 12.70
 16.16
 80.23
 10.75
144.10
 33.14
117.93
 12.70
 10.40
 10.00
 17.64
 56.77
 10.60
 14.94
 12.72
 99.70
 11.91
 83.23
 16.87
 14.46
 45.18
 13.73
 38.29
 11.98
 10.97
 10.24
 11.37
 17.96
 58.74
 92.33
112.76
 13.92
 33.31
 12.43
 34.17
 51.67
 64.30
 15.95
 53.02
 12.52
 18.82
 38.73
 12.36
 88.58
 14.21
 15.53
 31.10
115.80
 11.29
 46.98
 91.72
 10.97
 13.94
 10.96
 34.81
 27.23
 13.87
 63.02
 48.27
 27.73
 17.07
 29.93
 30.59
 29.81
 27.44
 37.66
 24.92
144.25
 10.06
 66.74
 15.34
 13.46
 10.02
 30.85
152.57
 12.26
 13.36
 12.27
 10.91
 17.47
 10.21
 27.33
 21.23
156.31
 37.30
 11.37
 12.56
 20.99
 11.55
 11.79
 19.24
 42.19
 36.62
110.52
 21.90
 13.43
 14.61
 12.87
 41.84
 14.32
 32.25
 15.43
 99.08
 12.69
 13.33
 28.69
 10.70
 60.26
136.31
 47.10
 60.47
 17.49
 76.71
 84.01
 57.13
 40.32
 21.32
 26.95
 12.66
 10.90
 79.63
 15.23
 18.57
 42.53
 28.42
 14.31
 32.81
 10.26
 29.93
 33.73
 28.76
196.52
 11.06
 25.16
189.36
 34.46
117.67
 50.45
 84.79
 14.34
 30.86
 17.02
 11.05
 65.49
 12.24
 86.25
 10.87
 10.81
 11.53
 20.49
 23.73
 95.71
122.15
 10.38
 18.67
 14.44
 11.19
 29.17
 14.88
 30.39
 19.09
 76.61
 73.30
 98.17
 11.16
 37.33
 21.66
 21.13
 36.85
 11.12
 14.26
 19.18
102.99
 80.06
 28.39
112.27
 13.61
 22.82
 20.19
143.42
 25.91
162.45
 24.15
 16.14
 17.54
 21.03
 10.10
 17.27
 73.34
 22.54
 41.95
 16.88
 20.55
 29.00
 28.98
109.75
 46.75
 10.48
 27.74
 95.32
 24.08
 53.40
 40.64
 20.79
105.64
 35.06
 11.22
 31.06
 18.94
125.92
 25.43
 13.71
 11.23
 33.98
 18.39
 10.42
 20.35
 14.12
106.31
 22.11
 21.62
 34.44
 12.33
 11.95
 25.50
 58.30
 30.73
175.99
 54.03
 35.21
 29.08
 27.28
 20.80
 55.33
 29.65
 91.18
119.92
 22.54
 82.93
152.59
 15.19
 18.21
 16.28
 10.02
 10.50
 30.73
 12.35
 55.86
 14.83
 30.64
 11.32
 23.12
119.36
169.96
 62.88
 14.27
 19.76
 99.53
 11.69
 24.48
 28.67
127.22
 16.27
 10.12
 12.36
 12.37
 50.21
 12.79
 10.96
 74.97
 63.55
 22.68
 33.79
 66.83
179.62
110.66
 70.33
 18.91
 13.37
 72.31
 79.33
 56.93
 80.38
 37.40
 19.35
 10.51
 21.90
 11.69
 14.61
 36.06
177.52
 10.12
 35.15
 58.83
 13.15
 17.72
 19.63
 20.34
 18.71
144.23
 75.66
 95.94
 20.90
 15.91
 23.04
 23.51
 24.58
 30.54
 13.90
111.23
 14.08
 20.84
 10.30
135.46
 26.13
 14.21
 15.21
 49.76
 22.96
 13.46
 19.56
 57.39
 47.55
126.77
131.76
 13.30
 95.11
 18.85
128.67
 20.78
 39.55
 11.27
 86.26
153.94
 11.01
 20.78
 11.47
 52.05
 20.06
 11.98
 86.70
171.79
 11.67
 27.14
 13.04
 17.07
 11.32
 67.39
 11.59
 10.62
 10.53
 66.62
155.55
 25.89
 46.76
 35.20
 15.42
 51.68
 23.84
 13.21
 11.66
 11.76
 18.89
 34.71
 60.71
 85.59
 42.47
 76.54
 13.83
 24.39
 11.13
 58.23
 41.95
 10.50
117.50
 36.09
 17.66
 47.49
 11.72
114.26
 16.81
 16.92
 16.92
148.58
 58.88
 21.14
 17.70
173.54
 24.21
 37.77
 80.95
 11.29
 52.83
 34.21
 55.40
 12.10
 30.70
161.80
 90.15
 38.74
 12.50
 16.54
145.45
 45.50
157.43
 71.11
 98.29
 20.83
 26.22
 88.71
194.38
 17.23
 81.72
 21.72
 51.03
 11.45
 19.79
 15.15
 14.45
 21.82
 32.42
 11.35
 63.63
 20.15
 15.75
 17.01
 47.25
120.38
119.05
 72.88
 29.57
 15.65
 34.29
 19.02
 11.13
 52.56
 22.73
 49.08
 42.72
 77.64
 49.56
 68.94
 24.43
 54.52
104.39
 34.23
 43.60
 19.17
 40.12
 28.45
 37.27
 29.78
 13.42
 11.05
 18.22
 16.97
 31.30
 60.04
 17.71
 42.74
 14.48
 10.31
129.92
154.88
 45.97
 14.82
 11.99
 25.39
 96.12
 34.94
 50.11
 10.12
 54.77
 13.63
 14.54
 49.61
 61.84
 10.72
181.57
135.76
 10.05
 36.47
 40.54
 93.32
 50.52
 11.82
 44.44
 28.35
 22.56
 39.24
 38.46
102.69
 34.35
 31.25
 70.27
 27.04
 16.83
 60.80
 23.52
 25.73
 69.16
 21.51
 15.63
 19.42
 24.52
 27.94
 11.60
 10.04
 44.97
 13.42
 77.92
 15.70
 10.66
 20.51
 24.43
 49.50
 90.69
 19.43
 85.43
 20.15
 32.58
 20.06
 17.73
 10.19
 14.41
 44.07
 39.18
 45.55
125.95
 12.15
 23.28
 75.00
 16.05
 40.88
 30.18
 12.03
194.64
119.57
 30.76
 12.61
 50.14
 25.19
 50.39
 30.34
 10.55
 41.73
 13.14
 13.16
 45.62
129.20
 17.15
 12.58
 47.99
 29.91
 11.95
 30.53
 64.01
 13.43
 13.32
 10.31
 38.25
 13.02
 16.34
 12.98
 13.59
 38.56
 91.24
 12.31
 15.09
125.34
 13.52
 18.13
 27.65
 11.13
 15.20
 77.79
 10.60
 11.92
 11.27
110.69
 55.25
 14.37
 14.52
 63.81
 18.77
 20.73
143.69
 11.29
 23.26
 21.29
 23.03
 30.95
 87.86
 14.04
 53.27
 58.80
 16.03
 13.89
 27.94
 21.89
 16.60
 32.41
 20.27
 61.71
 82.97
 16.55
 21.24
 15.29
 15.69
 15.06
 17.94
 17.74
 11.39
 26.44
 63.92
 11.83
 12.54
 17.47
 17.33
 26.64
 14.81
 13.55
 29.93
 43.98
 45.46
125.07
 35.54
 49.61
 30.10
 20.37
 20.18
 80.85
 48.33
 12.49
 48.86
 20.17
 16.20
 92.70
 45.75
 29.92
 15.93
 23.28
 25.61
 25.13
 11.99
 45.78
 12.06
157.93
 13.05
 60.19
 26.10
 18.20
 11.34
 46.76
 11.46
 18.17
 11.93
 13.22
 11.29
 10.53
 28.83
 10.53
 29.66
 13.31
 11.24
 11.47
121.99
 12.38
 17.77
 29.14
 64.34
 24.07
 46.53
 26.70
 26.46
 10.19
141.47
 38.23
132.58
 12.17
 39.17
 10.16
 11.44
 13.52
 40.58
 12.17
 80.39
 25.18
 12.97
 32.74
 56.29
 83.44
 84.37
 10.74
 29.76
 45.92
 15.36
 57.67
 80.15
 28.99
 11.75
 92.18
 42.80
 69.54
 20.83
 11.90
 33.20
 11.70
 88.50
 16.46
 61.29
 12.31
 25.62
 24.31
 10.79
 47.00
 10.75
 12.77
 95.05
 11.54
 16.58
 35.79
 84.80
 34.35
 39.41
 87.72
 16.47
 38.36
 11.85
 26.08
 70.57
 29.38
 24.07
 18.82
139.44
 21.75
 10.94
 29.98
 39.60
 11.17
 32.44
 13.55
 53.38
 10.72
 74.15
 25.20
 21.35
 31.57
155.46
 24.63
 15.74
 31.83
 11.51
 23.42
 15.33
 58.72
 13.20
 57.72
 12.17
 31.51
 22.69
 18.32
 21.13
 10.05
159.10
133.36
 18.68
 20.73
 19.78
 38.45
165.89
 60.41
 57.49
 15.64
 18.77
 90.18
 25.87
140.01
 19.01
 13.08
 70.62
 17.85
 80.27
 20.78
 32.41
 81.48
 45.67
 61.71
 16.53
 15.61
 33.03
149.79
 40.33
158.31
 45.88
 15.21
 66.76
 30.98
 17.03
 14.33
 18.71
 11.18
 13.82
 14.32
 22.79
 21.22
 10.57
132.79
 26.24
 50.39
 38.21
 67.64
 19.85
 15.64
168.46
 18.28
 10.98
134.28
115.80
 77.85
 15.98
179.50
 16.21
 16.69
 14.98
 18.77
 16.30
 27.10
 23.98
 11.76
 64.83
 29.58
 11.87
167.48
 11.94
 15.03
 16.80
 46.60
 25.53
148.74
 42.78
 27.27
 19.65
 24.28
 49.07
 81.97
 12.99
 11.47
 11.53
 11.79
 16.64
 13.59
118.47
 48.09
 18.09
 10.92
 12.52
 38.52
 84.60
 16.58
 49.05
100.32
 56.64
 50.83
 12.14
 11.99
 36.07
 21.53
 14.75
 54.77
137.62
185.29
 10.47
 51.70
177.08
 12.90
 18.84
 76.29
 46.38
 71.63
 21.38
 68.10
 18.35
 19.55
 16.49
 31.46
 28.45
 18.15
 12.96
 10.01
 28.80
128.82
 24.27
 10.53
 18.22
 13.60
 33.21
 47.63
 23.68
 11.67
 15.85
 98.97
 23.80
 17.76
 44.56
 11.04
 11.40
177.13
 82.42
 10.28
 12.32
 30.28
 11.43
 11.51
 29.00
 41.84
 57.29
 11.22
 25.90
 11.24
 82.14
 24.98
 27.09
 13.86
 65.82
 33.52
 30.16
 11.26
 13.60
 21.13
 30.54
 15.00
 10.20
 16.46
 11.19
 26.49
 27.73
 16.58
 13.43
 14.00
 37.60
 23.76
 11.83
 78.81
 48.22
 18.21
164.13
 21.13
172.12
 32.64
 28.91
 85.10
 13.15
 44.57
 11.94
 16.87
 10.44
182.35
 26.49
 33.45
 94.60
 37.78
110.02
 51.56
 10.71
168.83
 11.46
 45.00
 19.41
 24.94
 18.59
 85.92
 82.15
 50.29
 32.27
 18.43
 42.04
 12.51
 27.48
 31.80
 48.74
 27.89
 25.68
 11.61
 33.07
192.84
 41.00
 32.34
 59.79
 59.97
 37.21
 13.31
 42.81
 23.98
 69.58
 15.58
 15.44
 13.84
191.39
 32.82
113.04
116.62
 21.95
 39.47
137.39
 10.24
111.17
 16.95
 22.70
 12.90
 40.70
 31.68
 33.03
 56.03
 11.25
 36.53
 74.72
 13.48
 15.79
 11.03
 14.61
 10.70
 54.64
 41.35
 13.14
 12.80
 24.94
 16.93
 18.04
 14.67
191.76
 22.95
 18.11
 74.26
 59.20
105.76
 24.41
 16.12
 17.70
 28.92
 17.49
 23.68
 26.77
 21.07
 21.02
 22.93
115.72
 11.24
 15.14
120.57
 26.35
 11.89
 15.70
 19.06
 17.72
 14.59
 58.21
 62.32
 13.51
 11.43
136.79
 20.12
 36.06
 16.20
 51.54
 21.93
 30.33
 25.68
139.47
 46.70
 40.15
 40.43
 36.91
 16.58
 23.44
 42.65
 10.64
 53.53
113.06
 17.06
 13.69
 17.45
 17.58
 54.10
 36.47
 16.62
 40.78
 26.58
 23.82
 61.90
 57.49
 13.27
 62.41
 53.70
 24.16
 38.72
 35.10
 10.92
 15.19
 10.75
 16.79
 23.00
 13.79
 39.43
158.39
 38.98
 32.02
 37.66
 23.13
 15.94
 14.13
 13.66
 12.96
 82.30
 12.19
 24.88
 24.36
 59.17
 74.15
 37.43
 16.94
 17.68
157.12
 12.37
 23.95
 13.89
 17.70
100.36
 20.39
 53.24
 90.75
 25.30
 83.80
 20.93
 34.03
 11.44
 14.05
 39.78
143.29
 18.33
 13.40
 11.79
 10.08
 69.44
115.91
 36.90
 23.43
 70.75
 10.33
 80.55
 33.77
 11.76
 13.10
 84.89
 64.08
 33.29
100.28
 35.33
 29.78
 32.33
 40.21
139.16
 18.15
 13.03
 10.66
 56.43
 17.76
 73.93
 30.41
 39.18
 18.09
 96.45
 14.28
109.20
 63.75
 55.77
 19.19
 11.90
 44.09
 11.32
151.07
 26.96
 29.41
 41.63
 64.61
 10.16
 81.28
 10.57
 12.54
 10.96
100.41
 65.92
 32.07
 21.44
 13.97
 11.35
 11.18
 14.78
 36.06
 41.49
 92.07
192.33
 10.68
 10.45
 19.58
 18.27
 31.91
 54.15
 11.91
 19.94
 18.96
158.13
 22.32
 70.80
 80.70
 11.97
 97.38
107.39
 59.85
 24.37
 27.27
 52.24
 10.50
156.13
 66.94
 13.21
 39.17
 12.81
 19.85
 41.96
 16.23
 19.86
 13.36
 16.54
 27.74
 12.20
 15.83
 17.60
 13.27
 11.69
148.47
 12.52
121.60
 87.32
 14.16
 17.10
 60.90
 22.45
 11.78
 18.17
 34.65
 80.44
 38.32
 49.83
 64.39
 23.88
 51.44
 26.84
 13.49
 16.79
 18.15
 80.86
193.87
 78.30
 15.43
164.15
 14.07
146.29
 39.80
 16.69
103.48
 31.63
 12.48
 14.26
 23.07
 12.88
178.16
 49.09
 15.07
 31.76
 71.46
 35.83
136.00
 18.47
 30.96
 10.31
 57.24
 39.08
 22.87
120.99
 13.89
 59.86
129.86
 38.14
 53.54
 21.41
 41.39
 12.81
 12.58
 74.15
 16.90
 11.77
 24.50
 10.24
 16.04
 31.93
 17.75
 30.38
 30.35
 13.73
 20.70
 12.24
 15.81
106.47
 12.09
 45.75
156.82
 81.25
129.68
 17.78
 26.11
178.63
 10.03
134.65
 12.11
156.57
 11.91
 45.57
 10.46
 21.93
 25.07
 10.72
 12.84
 10.66
113.09
 11.75
 14.29
 12.57
 24.24
157.20
 18.90
 33.39
128.17
 11.61
 27.54
131.97
 11.84
 17.58
 22.46
 16.14
 10.77
 39.52
 12.43
 47.49
 22.43
 69.52
 11.14
 76.74
 51.13
 13.70
 63.78
 17.77
 21.54
 91.55
 11.45
 10.10
 23.23
 55.76
 15.43
 16.18
 52.93
 28.43
 18.46
 11.00
 15.84
 12.04
 82.88
 11.22
 25.51
 69.86
 12.81
 12.26
 38.95
 27.61
 60.35
 58.36
 74.08
130.17
 39.37
 32.36
145.76
120.10
 31.12
 12.54
 10.02
 37.71
 12.02
 11.23
139.94
 62.91
108.20
 15.07
 21.56
 40.38
 25.51
187.28
 12.00
 25.97
 48.56
 38.26
 10.10
 12.98
 19.96
 10.89
 10.91
159.44
 12.99
 87.94
113.39
 31.56
 11.73
 55.85
 27.45
 29.33
 53.18
 49.14
 19.06
 22.37
 29.43
 11.92
 32.09
108.41
 26.97
 95.18
 49.40
 30.29
 18.80
 27.26
 30.29
130.59
 13.53
 14.38
154.57
 17.40
 72.37
 10.66
 10.76
155.97
 63.24
 46.05
 19.15
 29.96
 29.07
 40.15
 13.91
 73.52
 13.10
 13.19
 58.01
 29.98
 20.69
 59.74
 28.91
 16.30
 45.71
 12.80
 17.15
103.17
 28.53
 28.48
 10.73
112.73
 17.79
 17.90
 43.37
 15.09
 44.87
 39.24
 19.13
 24.82
107.64
 11.73
 28.37
 24.45
 13.90
 11.35
 35.08
 13.43
 43.47
 41.20
 24.71
 14.40
 10.26
 15.14
 16.34
100.76
 12.08
 78.29
 10.91
 11.76
 37.50
 13.75
 23.01
 22.11
 28.24
 20.50
 12.47
 25.59
 38.90
 26.68
 14.23
 12.21
 23.38
 39.96
 36.09
 18.77
 36.58
 10.07
 16.86
171.65
 17.94
 10.77
 11.64
 10.60
 25.64
 29.43
 18.52
125.26
 21.88
 10.09
 41.08
 36.08
 35.32
 85.49
 46.00
 31.14
 18.73
 14.08
 35.09
 12.88
 12.55
 59.24
 13.02
 11.55
160.60
 22.72
 18.84
 31.74
 46.53
 32.19
 26.18
 27.96
 11.23
 20.02
 10.83
 18.53
 58.91
 18.39
 18.62
 23.26
 97.10
 38.01
 22.19
 14.46
 19.50
 20.29
 21.49
108.02
 17.59
 45.35
 61.48
 19.56
 12.18
160.79
 26.93
 32.94
 26.15
151.27
 11.05
 16.10
144.03
175.90
 44.59
 99.45
105.42
 61.05
 44.94
 10.07
 10.87
 26.55
 50.58
 14.25
 19.62
 21.39
 33.42
 66.49
 72.32
 16.50
 14.34
 60.29
 16.98
 66.45
 37.29
 13.08
 19.12
 67.66
 42.39
 31.25
 67.94
 28.81
 12.34
 22.63
 11.23
 20.90
 10.41
 12.09
116.66
 16.29
 88.91
 31.36
 22.81
 40.32
 66.49
 12.63
 42.11
 13.67
 22.23
 15.99
 10.60
 13.93
 18.52
 14.94
 45.22
 20.60
 37.41
 16.53
103.70
 54.89
 33.17
 12.00
 33.30
 12.37
 13.57
 19.66
 52.37
129.97
 10.18
 12.68
 14.44
 35.93
 19.86
 27.37
 11.51
105.00
101.89
 46.92
 46.04
 33.02
 69.21
 44.98
 24.75
 14.04
 99.51
 11.69
 22.76
 13.74
 14.70
 61.21
 18.08
 10.48
 93.74
 48.89
156.61
180.87
 20.27
 10.96
 27.76
 14.91
 42.16
 12.36
 55.00
 22.21
 21.26
 41.96
 11.75
 19.33
 14.63
 10.74
 15.47
 16.40
 13.84
 96.76
 34.69
 10.95
 78.77
 13.12
 16.87
 24.41
 10.30
 11.37
 21.47
 14.29
 37.01
 10.41
 19.03
139.54
 35.77
 46.37
 15.66
 13.46
 10.93
 24.65
 16.26
 15.50
 85.43
 86.63
 12.50
 12.31
 22.13
 44.48
167.47
168.28
 64.43
 24.74
 21.80
 11.30
 88.86
 68.23
151.18
 12.55
121.08
 18.74
 24.56
 10.62
 23.05
 40.66
 22.66
 23.08
 14.15
199.41
 15.28
 49.40
 16.74
 32.86
 64.54
 65.04
 18.04
 41.27
 14.24
 17.96
 16.23
 13.45
138.16
 16.67
 44.43
 50.52
 61.23
 24.57
 24.31
 13.35
 14.29
 19.78
 60.29
 18.28
 51.52
 13.03
 14.39
 11.81
 18.51
 24.00
106.92
 59.48
106.36
 36.02
 17.59
 41.21
 12.55
 51.97
 10.71
126.16
 12.96
 17.70
 90.65
 19.23
 47.37
 11.37
 11.95
 35.17
111.12
 29.37
 51.72
 13.61
 24.84
 33.07
 14.36
 10.82
 11.41
122.94
 13.37
193.04
142.61
105.70
 65.42
 48.78
 15.96
 11.94
 20.82
 10.74
115.63
 36.44
 12.53
 66.82
 18.87
 18.88
 34.44
 10.75
 21.46
 16.58
 10.96
 12.92
 30.63
 20.39
 81.89
 41.99
 46.78
176.71
 49.66
 57.50
101.67
 72.38
158.94
 18.89
 11.21
 15.98
 11.81
 58.95
 21.34
 53.49
 10.87
 28.47
 26.28
 19.17
 13.36
 15.48
 26.68
 16.84
 14.88
 23.71
 18.48
 13.39
 31.02
 90.34
 36.74
 27.91
 12.09
 31.55
 38.39
 22.56
 67.47
 10.39
 16.80
 17.70
 15.82
 33.40
 31.45
 83.81
 39.24
 25.97
 14.00
124.52
 27.09
 26.80
 12.57
 30.62
 18.67
 68.15
 86.71
 10.65
 49.53
108.38
 10.26
 13.69
 24.78
 10.01
141.57
 11.76
 14.07
 16.22
 34.77
146.27
 46.78
 13.78
 14.62
 13.64
 64.11
116.91
 43.41
 15.77
 78.32
 18.12
 13.66
 20.39
 10.31
128.98
 11.66
 86.52
 95.08
 10.94
 17.71
 12.78
 10.41
 17.58
 16.30
 57.02
 21.67
 18.27
 24.98
 46.61
 13.01
 94.77
 10.10
 13.45
 20.71
 94.09
135.44
 29.27
 19.38
 61.27
 15.83
 28.55
 65.94
 32.86
 14.38
 64.80
 11.47
109.27
 10.21
 12.59
132.30
 12.33
 22.38
 89.71
 59.07
 11.25
 19.19
 39.70
106.48
153.77
 75.54
 10.50
 20.75
 31.41
 52.06
 57.29
 21.93
 35.65
 86.29
 61.95
 13.15
 67.25
101.44
 12.87
 33.76
 58.02
 11.71
 33.55
 17.39
 12.05
 17.86
 60.99
 10.46
 19.21
 22.44
 12.94
 14.95
 16.61
 31.41
 14.67
 13.04
 19.28
 15.00
 20.26
 24.25
 43.22
 14.51
 12.34
 14.76
189.70
 24.46
 18.69
 72.71
 12.47
 41.70
 13.95
 12.81
 51.50
 89.62
 23.14
 63.99
 20.47
157.54
 10.94
 14.55
 11.69
 32.88
 13.90
 25.42
 90.99
 84.46
 20.37
 19.15
 24.69
 37.23
 11.79
 44.42
 61.16
102.11
133.47
164.71
 51.74
 24.74
 55.74
 24.83
 25.87
 11.48
 97.92
 68.86
 77.49
 38.01
 14.94
 12.99
 10.02
 92.39
 54.04
 61.19
 19.94
 12.16
 19.07
 35.06
 12.40
 14.56
 35.57
 10.53
 22.93
 55.51
 82.20
 23.83
 11.01
 35.08
 30.33
 36.62
 56.51
 20.24
 54.90
155.20
 25.55
 12.99
 75.13
 19.79
 91.72
172.25
 22.27
 12.59
 27.47
 31.03
178.69
 14.87
 12.36
 20.44
 10.11
116.27
147.91
 54.98
 34.74
 12.98
 14.98
 12.23
 49.45
 10.79
 16.42
 86.25
 81.65
 17.18
 10.58
 14.79
 30.68
 27.83
 12.59
 11.46
 32.80
 46.02
 12.28
 52.38
 22.31
 11.62
 70.41
137.98
 28.85
 66.31
 16.09
107.54
 42.72
 29.85
187.84
 15.11
 24.39
 10.09
134.52
 20.43
 61.34
 45.56
 28.61
 60.51
 19.73
 74.21
 24.28
 16.60
 11.98
 17.97
 18.15
 81.07
 28.71
163.64
 81.63
 11.34
 12.08
 48.09
 27.89
 16.25
 20.32
 10.91
 10.10
 31.12
 13.82
 20.87
 25.49
 30.36
 57.83
116.82
 39.56
 13.41
 56.56
 22.99
 12.12
 62.14
 22.46
 18.98
 24.04
 13.85
 22.75
 24.03
 56.73
103.54
 29.20
 19.78
 11.62
 25.61
 50.26
 12.32
 20.51
 13.66
 20.70
 67.98
 26.75
 53.17
 14.08
 15.81
 14.73
 12.03
 72.05
 39.49
 18.29
 22.65
 36.76
 12.34
 44.71
111.92
 37.33
 51.64
 35.75
 11.85
 84.96
152.67
 76.42
 42.42
 18.56
 12.82
 39.88
 12.98
 19.37
 31.43
 33.30
 23.81
 63.22
 17.80
 87.01
 12.17
 14.42
 18.34
 12.09
 14.59
 16.29
 32.56
 72.04
 12.13
 21.63
 13.28
 33.68
 22.26
153.97
157.56
 14.21
 43.83
 18.96
 41.13
 39.37
135.42
 10.77
 77.10
 44.85
 53.11
 15.48
 48.02
 23.34
 10.36
 12.49
 68.36
 10.71
 11.95
 24.32
 76.02
 52.29
 18.01
 10.55
 58.72
108.35
 16.45
 31.75
 26.74
 67.80
 75.85
 55.22
 10.77
 34.70
 93.83
 72.99
 40.48
 75.04
 47.81
 17.15
 58.13
 14.12
 48.75
 21.57
 26.69
 25.12
 98.55
 42.90
148.13
 58.10
 12.94
 11.84
 80.86
 47.74
 16.25
 67.59
 10.75
 13.62
 34.50
 27.35
 13.92
 23.78
 16.85
 69.29
 40.31
 64.11
 13.87
 89.44
 70.27
 12.99
 14.00
 12.97
 46.03
118.01
 48.56
 11.89
 54.79
191.99
147.41
148.60
 17.51
 10.00
 29.52
 15.39
 12.53
 64.14
 34.25
 92.89
 14.49
 10.01
 59.67
185.79
 58.23
 19.47
122.41
 34.84
 11.49
 82.16
 41.05
 72.86
 26.27
 11.37
 95.76
 31.50
 44.25
 22.51
 10.36
 20.59
 38.51
 13.00
120.18
 10.86
 23.67
 14.39
 52.54
 58.62
 43.32
 53.59
 13.84
 23.97
 52.09
 18.35
 30.08
 10.22
 27.83
 95.81
 12.29
 20.06
 16.99
 42.22
 28.32
 34.19
123.08
 14.94
 22.22
 11.25
 14.80
 68.92
 11.96
 10.79
 40.31
 25.73
152.25
 21.96
 10.93
 19.67
 11.36
 14.80
 40.39
 15.76
 36.26
 87.68
 17.56
 40.84
 10.06
 10.50
 10.58
 14.53
 11.23
 10.40
 42.84
 68.37
 16.59
 68.25
 24.98
104.66
 17.82
 11.67
 14.32
108.43
145.05
 27.91
 10.25
 34.38
 22.03
 16.60
 98.13
 11.11
 19.39
 31.35
 18.66
 20.12
 22.85
 17.93
 15.82
 65.62
 84.92
115.12
 11.36
 61.14
 22.74
 87.65
 56.92
 15.15
 12.63
 45.87
134.15
 10.86
 35.33
 14.14
 69.29
 40.15
 71.24
 75.64
 37.83
 19.65
 22.47
 10.75
 13.45
 85.37
 27.96
 95.84
 10.59
 50.70
 19.58
 16.48
 10.74
 14.39
 89.33
155.73
 62.05
 91.47
 10.94
 11.61
 48.57
 18.80
 10.42
 15.81
 38.91
 36.44
 98.06
 60.03
 25.90
 30.76
 16.17
 12.29
 23.86
 22.97
 26.43
 29.04
 17.65
 50.51
 81.57
 16.58
 26.41
 99.60
 23.96
 24.16
138.56
110.32
 28.70
 29.99
 15.44
 16.87
117.18
 21.77
 11.76
 30.92
 81.01
 64.61
 12.39
 16.36
 10.16
168.58
 11.76
 11.90
 67.22
 14.90
 11.40
 11.01
 51.82
 28.47
 51.10
 50.66
 23.65
 40.40
 70.89
 20.71
 14.24
 36.87
 59.90
 18.35
 72.41
 16.19
 30.73
 38.66
123.94
 70.46
 39.71
 39.69
 16.05
100.83
 39.80
 10.34
 10.29
 37.48
133.61
 58.21
 19.75
 90.29
 11.87
 89.75
 11.04
 18.46
 12.18
 10.91
 26.91
 52.69
 10.89
 80.74
 40.56
 22.04
 21.21
 17.01
 14.73
 35.97
192.03
 15.78
 10.02
 77.88
 78.06
 88.13
101.16
 40.30
 22.72
 90.01
 69.19
 12.15
 80.89
133.30
 21.70
 19.18
 11.00
 13.48
 44.35
194.46
 25.20
 11.83
 15.92
 68.99
 13.75
 16.04
 86.02
 36.84
 33.54
 20.79
 53.34
 62.44
 11.65
 13.71
 13.90
142.84
 14.52
 38.61
198.72
 48.26
 41.51
 56.55
 23.53
 23.65
 12.40
 74.60
 18.39
 86.58
 35.03
 29.90
 26.09
178.99
 34.30
 22.07
 33.40
 51.36
 42.48
 11.68
 29.80
 14.87
103.68
 11.10
 59.87
 13.82
 15.07
 32.76
 11.51
 17.85
 45.49
 27.88
 52.16
 13.59
194.37
 29.31
 17.15
 23.40
 47.83
 12.03
 25.58
 34.28
 30.11
144.37
 11.01
 91.96
 74.76
 15.42
 40.04
 21.27
 16.03
 15.19
 22.07
 38.29
 10.27
192.47
 25.74
 40.92
108.36
 19.22
 12.53
 63.62
 10.94
 14.62
 17.92
 19.98
 11.68
 42.08
 80.47
 48.17
 11.28
 27.89
 13.85
 53.04
 14.18
 68.76
 19.88
 29.22
104.89
 13.59
 10.68
 12.13
 10.34
 28.66
 13.22
 64.74
 13.19
 22.27
 13.24
 55.80
 33.90
 11.69
 38.18
 15.73
 82.34
 33.77
 11.75
 25.41
 14.57
 12.40
104.54
 16.22
 20.82
118.81
117.50
 58.45
 33.09
 10.20
 28.26
 22.57
182.85
 48.53
 41.33
 13.37
 26.23
 39.64
 10.04
 81.36
 77.01
 36.72
 21.36
 40.41
 13.92
163.81
 10.12
 33.05
 23.34
 49.23
 37.55
 10.47
 24.42
 47.55
 20.58
 53.03
173.87
127.18
 27.21
 58.58
 76.03
 24.04
 30.91
 21.68
 16.44
 15.71
 58.50
 59.58
 21.61
 35.05
 20.44
 50.52
 19.42
 14.67
 77.74
 34.42
 10.68
 17.44
 12.16
108.97
 50.05
 64.30
 20.67
 13.72
 10.61
 24.33
 15.64
160.38
141.52
 11.22
 10.28
 56.44
 21.21
 12.43
 92.94
170.68
 17.95
 13.95
 17.05
 35.02
 11.77
 19.60
 15.12
 21.52
 11.62
 14.34
 14.84
 53.65
 17.65
 16.03
 98.21
 92.41
 21.87
 16.96
176.61
 16.68
 56.92
131.25
 55.84
 30.29
 14.47
128.48
 31.50
 29.18
 23.28
 16.00
 14.47
 64.80
 16.65
109.45
 26.17
 58.65
 21.07
 18.11
 16.04
 11.89
 21.62
108.41
 36.64
 34.18
 15.17
 12.22
 17.54
 13.66
 28.37
 24.75
 27.03
 18.21
 33.45
 60.27
144.41
 18.62
 48.87
 33.28
 26.56
 81.71
 14.85
 25.17
 29.78
191.04
153.46
 16.89
 22.56
 10.75
 99.30
 41.48
 61.83
 29.23
 19.65
104.49
 35.54
 83.09
 16.85
 29.27
 13.53
 15.11
 59.90
132.66
 25.31
 14.65
 24.89
 22.66
 41.03
 32.37
 63.56
 16.88
 22.11
 68.35
 40.38
136.77
123.49
165.49
100.63
 37.15
 15.67
 14.09
 59.48
 22.58
 10.11
 58.45
 10.50
 22.90
 14.76
 14.17
 82.65
 13.71
 36.65
 10.28
181.21
 17.34
 18.92
 18.82
 11.37
 71.82
 20.54
 77.43
 30.27
 33.77
 16.79
 15.39
 12.14
 44.52
 84.96
128.07
 22.95
 42.67
 92.36
 32.70
 19.76
 22.35
 65.76
 29.81
 15.55
 14.49
144.98
 30.88
 11.65
 10.84
 19.06
 52.83
 12.30
 41.68
145.66
 10.35
 13.15
 38.72
 31.60
100.89
 59.29
 17.21
 16.15
 16.34
 21.04
 30.96
 13.26
 31.92
 47.41
 11.05
 16.80
 73.81
 26.21
 30.15
184.82
144.72
 16.35
 10.10
 30.09
 17.00
 20.71
 34.50
 60.84
 42.47
 43.27
 27.95
 18.60
147.02
177.42
 67.91
 34.79
 34.17
 15.63
 13.63
 14.28
 12.52
 13.32
 32.07
 19.35
 16.84
 35.34
 60.30
 46.10
 62.28
 11.35
 30.46
 82.45
 20.84
 15.08
 20.93
 33.24
 22.70
182.13
 25.85
 63.45
 18.68
 17.56
 11.42
 10.21
 25.09
 19.02
 48.16
 27.56
 57.52
 51.05
 27.87
 10.16
 12.49
 13.94
158.38
 21.40
 23.41
 18.59
 47.88
 30.45
 12.80
 19.79
 92.22
137.26
 60.02
 12.77
 46.78
 28.71
 28.87
 16.36
 22.22
 20.24
 11.10
 19.18
 11.22
 19.31
 51.41
 10.76
 17.73
 17.10
 15.52
 70.72
 82.31
 33.43
 15.26
 17.42
 46.18
 33.49
173.28
 23.26
 40.71
 73.15
 29.33
 29.09
 15.13
 99.37
 46.62
 46.30
 57.11
 12.13
 59.53
 61.52
 31.22
 36.34
 51.12
 15.35
 31.37
 10.83
 41.48
 14.92
 24.05
112.54
124.25
 11.95
 29.13
 45.84
 10.66
 61.07
 22.15
 79.74
 15.11
107.72
 25.75
 13.65
 60.87
146.54
 15.91
 11.70
 54.35
 39.10
 26.36
 31.58
 23.64
 22.35
 14.59
 19.62
 25.39
119.58
 40.36
 56.93
 89.91
 31.15
 10.78
 22.36
 54.57
 30.36
 10.86
 18.46
 10.49
176.73
109.85
 13.37
 10.00
 11.06
 24.93
 59.21
 59.17
 18.07
 46.18
 29.45
 10.31
 57.76
 10.96
 30.06
 23.66
 42.93
 21.63
 46.87
 11.50
 23.17
 17.98
 80.47
 16.25
 50.73
 58.51
 16.54
 31.55
 10.38
 32.15
 44.94
 15.61
 11.18
 11.14
 44.32
 56.34
 17.67
 21.57
 14.73
 23.66
 31.08
 80.91
 29.85
 19.89
 83.26
 41.08
 15.22
 21.52
186.16
 88.56
 16.18
 70.88
 18.14
 11.03
 32.96
 62.74
 63.24
 11.99
 13.24
 12.31
 14.85
 20.48
 32.06
 30.57
 83.64
 29.70
 27.95
 14.35
133.83
 10.40
 60.07
 67.35
 19.08
 27.83
 66.65
 29.12
 76.01
 52.16
 59.10
 18.99
 47.90
 11.41
 18.52
 20.87
 13.91
 11.00
 13.44
 40.52
 38.37
156.96
 86.28
 28.31
 18.72
 22.89
 11.03
 17.07
 31.08
 12.67
153.95
 15.26
 11.75
132.09
 42.92
 21.35
163.06
 99.34
165.49
 22.75
 49.00
 26.59
 31.42
 63.60
 19.89
 20.45
 31.58
 39.16
 18.60
 59.69
 10.34
 24.50
 65.19
 25.41
 15.08
 11.85
 16.65
 27.02
 84.81
 32.03
 19.58
 29.93
 19.51
 14.06
124.34
 25.67
 41.37
 19.56
 21.27
 28.46
 12.84
 31.21
 59.72
 50.06
 29.23
 97.06
 25.53
 70.64
 82.25
 11.65
 11.20
 44.41
 59.26
 12.84
192.73
 54.12
 13.25
 37.68
 71.45
 80.01
 31.98
189.15
 18.84
 54.66
 18.47
 16.08
 11.48
 11.10
 26.28
 19.25
 14.51
 11.24
127.96
 64.23
 28.58
 17.22
 12.10
 30.33
 21.08
 12.04
 14.10
 13.27
 52.83
 25.70
131.81
 20.43
 15.85
 18.51
198.55
 20.22
 29.63
123.03
 53.74
 49.38
 10.04
 11.78
 40.54
 31.12
 10.18
 10.33
 47.87
 14.37
 18.69
 19.77
 20.59
108.76
 29.76
178.94
 10.84
 20.28
 11.08
 90.03
 15.36
 13.48
 28.39
 66.90
 15.99
 24.08
 20.78
 13.04
 35.48
 15.15
 17.76
 20.03
101.41
 16.11
 31.55
 15.27
 13.15
 24.24
 49.64
 90.42
 11.72
 71.08
 24.43
 22.42
147.61
 10.45
 59.94
119.32
 26.65
 30.30
 11.19
 21.46
 32.38
 12.77
182.96
148.59
 12.87
 58.23
 21.67
 66.91
 21.32
 22.47
 11.99
 19.45
 10.87
 10.65
 15.02
 31.01
 38.03
 13.41
 13.07
 11.35
 16.50
117.71
 16.85
 35.44
 12.80
 10.14
 20.22
 17.97
 30.27
 10.36
 24.73
161.35
 19.33
 14.79
 11.43
 89.60
 11.64
 12.03
 51.98
 12.34
 11.35
144.30
154.24
 27.45
 10.23
 16.04
 18.91
 17.50
 58.43
117.17
 23.69
 65.60
 19.86
145.35
 10.03
 43.38
 10.83
 16.43
 35.98
 29.25
 67.30
 24.77
 14.13
 85.00
 37.48
 10.59
104.81
 58.57
 17.50
185.10
 13.88
 50.61
 16.26
 37.40
 46.39
 33.89
 27.51
 77.41
 57.34
 11.26
 87.20
 10.08
 13.64
 27.41
 24.72
144.02
 14.54
 24.12
 42.74
 61.71
 73.30
 30.50
 92.87
104.57
 34.63
 65.56
 53.35
 10.25
 40.58
 17.34
 81.44
 30.39
 17.60
113.97
 59.74
 46.09
 33.24
 28.07
 10.24
 13.11
 13.81
 79.88
 24.05
 16.83
 14.61
 98.50
 53.22
 50.92
113.92
 12.46
 41.73
 59.81
 16.81
115.88
 40.09
 35.42
 66.00
 23.10
 18.93
 23.11
 11.28
 11.45
 16.51
 22.52
 14.30
 13.83
188.12
 31.29
 59.82
 30.39
 14.34
 24.90
 11.95
 45.41
 20.18
 14.01
 37.82
102.03
 18.49
 13.67
 18.22
 29.14
 10.57
 32.77
134.17
 31.31
 18.15
155.54
 16.07
 49.00
 26.00
 29.47
 14.00
 41.12
 11.26
 12.94
 60.38
 29.37
 13.81
 21.31
 74.53
142.21
 33.76
 11.37
128.63
 57.85
 88.54
 50.30
 11.42
 10.68
 75.44
 15.11
 10.28
 15.42
 45.28
 12.20
 18.92
 14.11
 40.57
 16.49
 44.13
152.51
183.21
146.63
 99.84
 46.43
 15.97
 73.50
 14.49
 93.38
122.70
 36.48
 11.00
 23.40
 20.93
 21.95
 55.64
 51.47
 92.30
 19.47
107.19
 11.81
108.70
 17.43
 16.16
128.36
 51.51
 73.56
 22.44
 17.37
 44.61
 18.73
 11.89
 67.86
172.27
 73.80
 40.86
 26.47
 22.70
 77.31
 31.59
 27.85
 27.83
 17.44
 21.21
 11.61
 30.82
 59.05
 48.80
 52.39
 15.90
 12.20
 95.50
 13.46
 17.34
 17.52
 15.01
 55.75
 22.67
 10.67
 84.18
 12.89
 17.00
 15.49
 11.27
 15.62
112.72
 34.69
 13.68
196.52
 22.70
 20.47
 16.00
 16.66
 38.58
 55.02
 17.93
 50.59
 64.00
 68.79
 12.68
128.81
 12.10
 14.07
 37.38
 20.74
 60.06
 29.75
 23.57
 13.00
 17.18
 60.59
 21.51
 21.38
 18.02
 13.79
 14.05
 28.55
 28.68
 28.27
 18.56
 14.98
 18.59
 10.53
 22.18
 62.76
 28.88
116.85
 10.42
 11.12
 15.71
 12.15
 12.68
 55.79
 28.47
 35.02
 39.61
 28.65
 10.70
 20.51
 17.24
 68.93
 17.33
152.43
 12.30
 58.35
 10.78
 21.53
 88.53
 13.31
 41.71
 28.13
 32.04
 10.81
 53.32
 18.25
 16.48
 44.36
 40.88
 41.04
148.89
 64.56
 32.46
 47.84
 20.75
 21.89
 17.18
 10.31
 17.49
 71.19
 24.78
 26.42
 16.70
 23.54
 11.88
 31.81
112.13
 17.34
 11.49
111.62
 10.70
 11.67
 20.31
 16.95
 63.59
144.57
 68.00
113.24
 46.45
 21.56
 13.53
 73.94
 55.23
 10.27
 13.35
 14.10
 67.23
177.31
 26.35
 10.85
 13.44
 10.81
106.97
 34.49
143.06
 12.36
 21.53
 30.44
 80.51
 49.97
 36.03
 18.92
 93.05
 15.23
 11.72
 10.21
 26.20
 24.22
 72.37
 60.00
 20.25
 16.25
 38.19
 15.01
 14.41
 16.15
 16.81
 15.51
 85.93
 26.89
 11.29
 51.12
 88.24
 10.23
 10.66
 66.94
 11.23
 33.89
 14.37
 10.30
 10.38
 15.08
 48.73
 19.01
 17.64
 12.21
 10.68
 70.87
 16.04
 28.32
 17.15
 46.78
 18.62
 30.80
 20.45
 81.87
 13.48
 14.10
 35.02
 10.32
 12.67
 27.86
 34.82
 10.50
 82.02
 10.35
 17.92
 11.53
 19.86
 17.79
 35.96
 10.04
102.57
 10.81
 55.96
 16.33
181.34
 23.55
 50.42
155.17
195.52
 30.65
 18.51
 32.37
 17.09
 77.90
116.87
 64.54
 10.75
 33.22
 15.35
 19.23
 27.12
 44.88
 23.39
 29.56
 62.24
 74.34
 19.93
 64.08
 16.21
 16.62
 14.61
 42.36
 11.94
 11.72
 11.83
113.18
131.43
 14.09
 14.17
 12.53
 94.47
 10.69
 16.67
112.53
 12.66
 18.42
 99.51
 16.66
 12.80
 24.15
 56.54
 29.14
 14.84
 21.62
 21.25
108.53
 77.62
 16.92
 28.94
173.89
 85.21
 10.79
 16.70
 33.06
 62.18
 13.18
 22.84
 13.40
 10.71
 67.91
126.71
 11.04
 61.67
 11.95
 24.44
 10.48
 65.28
 22.66
 38.69
 55.86
179.56
 12.55
110.02
 19.19
 16.14
 26.19
 21.40
 54.93
 12.89
 19.53
 43.38
 34.51
 41.29
 26.79
 12.01
 74.29
 15.09
 10.38
 26.12
 12.64
 10.31
138.49
129.31
 16.42
141.29
 33.73
 77.17
 14.59
 10.14
 11.01
 12.84
 22.80
 33.23
 11.07
 19.72
105.81
 12.19
 10.33
 12.84
139.30
 14.33
 20.86
139.88
 19.42
 25.19
 10.50
106.60
130.62
 58.45
135.29
 53.72
 12.93
169.03
138.29
 10.46
 38.86
 10.25
 10.75
 26.27
178.23
 17.83
 33.11
 19.11
 11.36
 13.98
 23.98
 18.41
 15.70
 18.42
 14.11
 19.77
 15.80
 10.45
 19.85
 13.05
 12.24
165.84
 30.80
 21.37
125.64
 18.93
 11.05
 30.93
 16.64
 10.42
 15.77
 17.91
 30.69
 18.00
 19.54
 28.57
 25.14
 98.46
103.17
 24.05
 18.80
 10.51
 13.24
 19.79
 13.42
 28.06
 25.45
150.11
 12.67
 40.70
 13.91
 11.20
 25.04
 34.86
 61.12
 10.88
 16.75
 17.40
 11.35
 14.43
 39.39
 14.43
 34.15
 14.35
 18.41
 12.75
 11.64
 11.24
 54.11
 14.29
 12.22
 34.67
 11.25
 21.37
 30.24
 52.75
 10.56
 23.40
123.19
 15.26
 44.34
133.80
 18.71
 11.24
 15.48
 52.36
 91.75
 66.59
 14.52
138.54
103.53
160.35
 18.59
 86.83
 16.63
111.55
 75.15
 11.20
 14.58
149.00
 24.61
 15.65
 33.59
 15.13
 91.89
 19.71
128.70
 10.47
 33.15
 11.73
129.53
 15.40
138.58
 14.59
 19.10
 11.63
 20.64
 42.90
 79.74
 10.65
 82.28
 26.41
 31.97
162.53
196.36
 44.93
 19.42
 10.33
 13.42
 45.88
 20.09
 15.76
 13.29
109.62
 12.38
 15.35
 22.60
 39.29
 33.86
103.37
 54.33
 90.90
117.21
 55.43
 16.99
196.06
 34.46
 45.03
 27.24
 11.05
 74.02
 30.01
 17.68
 10.38
149.96
 11.35
186.82
 21.96
 70.55
176.45
 38.53
 29.85
 15.65
 31.49
 46.30
 13.00
 17.11
124.89
 18.65
 16.55
 10.85
124.71
 28.20
 24.03
150.97
 10.86
164.58
 27.71
 58.91
 64.72
 45.77
 49.36
 17.14
 17.82
 28.98
 10.15
 76.96
 10.36
 30.66
128.32
 44.56
 11.50
129.74
 23.42
 76.09
 11.46
 15.18
 36.19
 18.47
112.09
 65.29
 33.30
 98.84
 39.49
 13.53
 48.18
 42.89
198.16
 31.20
 14.17
 35.15
 28.08
 38.00
 16.28
 23.18
 54.78
150.77
 12.18
 11.86
 25.18
 62.25
 17.55
 49.46
 61.12
180.68
191.33
 14.15
 11.50
 65.53
 59.19
128.41
 12.51
 94.64
 44.04
 82.94
 50.11
 20.33
 13.59
 14.41
 25.15
 17.69
 13.12
 12.09
167.25
 11.93
 10.60
117.78
 31.64
 20.15
 28.53
 39.06
 33.19
 20.01
 14.25
 17.96
 14.53
143.41
 16.36
 45.55
 47.46
 40.05
 80.69
 28.99
 20.62
 48.94
 26.88
 47.14
 54.02
 19.62
 54.99
 21.81
 20.30
 10.38
155.80
 14.06
 96.49
 11.68
 31.78
 67.94
 36.91
 11.61
137.87
 38.27
 49.74
 43.49
 18.92
 13.26
 27.42
 44.69
 11.49
 79.54
 29.01
 20.59
 23.46
 68.16
 23.74
 34.82
 17.38
 14.79
 84.51
 16.69
139.51
155.77
 13.94
 67.27
 25.90
 10.10
 40.25
 22.34
 18.15
 20.10
 12.32
 63.89
 50.83
 20.31
120.83
 41.12
 17.12
 38.42
 55.49
 11.53
 19.97
 87.56
 25.62
 91.50
 15.39
 23.18
 23.06
 21.01
 62.48
 42.82
 11.45
 27.62
 20.96
 11.20
 76.46
 99.91
 14.64
 10.14
103.01
 14.65
 64.06
 22.67
 21.62
 16.32
 34.81
181.24
 82.89
 26.55
195.77
 15.82
 13.19
 79.59
 10.02
 12.37
 17.98
138.65
 25.26
 31.04
 13.76
 34.09
 35.75
 58.91
 48.33
 15.09
136.48
 10.09
 99.90
 29.87
131.96
 18.56
 62.47
 10.01
 29.53
 11.90
116.40
 55.04
 10.87
 12.31
 43.80
 30.22
 18.45
 32.34
 83.34
 25.77
 56.14
 85.84
 27.60
 10.97
 78.40
 30.88
 17.04
 10.06
 11.76
170.83
 10.14
 16.03
 23.27
 11.21
 12.95
 19.86
 14.21
 22.99
 19.95
 20.98
 82.18
 24.76
 13.80
 37.97
 34.00
 21.79
 13.77
 24.76
 41.76
 31.38
 11.17
 13.47
 43.03
 10.80
 87.21
 14.56
131.63
 13.78
 81.42
176.33
 11.09
 22.82
 19.05
 16.96
 10.56
110.57
 53.81
 18.65
 12.53
 43.24
 84.57
 11.26
 45.36
 18.19
 31.89
 25.31
 19.16
 25.16
 46.80
 53.08
 39.24
 79.03
167.74
 48.05
 34.10
 23.46
 62.90
136.64
 15.80
151.56
118.28
 30.85
 20.70
 25.28
 32.74
 15.93
 10.97
 42.56
 10.05
 21.50
 16.77
 44.39
 34.62
 37.31
 14.32
 16.54
 60.03
162.15
 24.77
 15.26
 35.32
 27.64
 12.20
 60.60
 27.80
193.36
 10.54
 41.21
 13.71
 33.91
137.38
 10.66
 12.52
 54.04
 18.42
 26.08
 23.28
 45.37
 36.13
 24.18
 11.33
 34.47
 16.00
 35.49
 34.85
 21.39
 39.54
 16.40
 39.37
 13.08
 19.89
 11.56
 56.93
 15.49
 45.29
 17.33
 46.32
 28.93
 33.86
 88.28
 13.21
 17.42
 13.31
 53.47
158.89
 46.59
179.97
 42.74
 12.65
 11.35
 14.23
 49.84
 17.16
 27.39
 22.80
 20.49
 54.63
183.80
 34.02
 10.26
 12.08
136.29
152.94
 75.90
 23.19
176.81
 85.27
 56.85
 67.41
 11.26
 22.22
 83.39
 35.80
177.96
121.60
 15.99
 10.12
 55.84
 17.97
 20.34
 14.65
 10.51
 27.53
 11.53
 29.28
 49.19
 11.65
 43.05
 40.11
153.46
 35.15
 10.51
119.76
 73.42
 13.22
 37.94
 14.02
 22.89
 98.70
 24.45
 34.83
 24.43
 59.45
 10.08
 18.14
 14.95
 11.33
 74.40
 55.52
 16.33
 71.89
111.88
 52.61
121.12
 39.05
 83.27
 40.55
 17.07
170.08
 17.47
 14.64
 15.39
 10.51
 16.94
 11.20
 43.14
 16.88
138.13
 11.26
 51.61
181.55
 89.31
 13.16
 47.86
 10.41
161.93
 65.92
 15.09
 16.30
 11.15
106.59
 39.56
 11.81
 15.56
194.74
 16.61
 10.82
 12.34
 13.43
 27.59
 31.31
 66.83
 23.96
 13.15
 60.50
 18.30
 25.76
 52.88
164.72
 13.56
138.22
 15.51
 28.46
 38.19
 41.12
 14.22
 22.48
 95.80
 27.52
112.83
 40.33
 18.73
 13.10
 16.62
 24.33
 50.37
 87.48
 12.93
 71.38
 20.57
157.17
 13.06
 96.15
 35.17
 58.57
 57.93
 70.46
 20.05
 15.02
 39.10
 32.30
151.01
 22.31
 54.81
105.58
 30.44
 13.35
 58.10
 21.71
 48.92
 38.81
 12.56
 13.71
 32.08
 57.93
 47.65
182.92
 25.17
 58.10
 16.52
 15.09
 10.36
 89.34
 21.44
178.16
 27.48
150.99
 30.75
 38.63
 68.52
 12.54
 40.44
 12.51
 26.24
 20.36
 23.29
 10.98
 13.50
 19.72
 45.68
 97.12
 95.76
 15.07
 12.23
154.05
180.56
 79.85
 13.29
 10.77
119.21
 20.68
 41.05
 84.60
 45.97
 10.95
148.35
 31.65
 31.64
 26.40
 62.18
 13.47
 20.45
 21.07
 18.90
 12.49
 17.21
 30.91
 14.33
 10.59
 58.22
 13.65
 57.57
 32.64
 71.83
 22.62
 10.20
 84.47
 14.89
 28.50
 13.24
 28.85
 96.64
136.41
130.23
 12.61
 18.15
 10.02
 70.95
 29.69
185.94
 10.75
 36.81
 11.35
 24.94
 26.80
 23.41
 62.53
 79.72
 19.51
 16.30
 13.36
 49.34
 13.34
 12.43
122.15
 12.74
 16.24
 23.53
 11.65
135.36
 21.27
 13.96
 15.83
 44.93
 38.44
 12.44
 10.98
 31.00
 89.35
161.82
 18.10
 47.43
 72.55
 23.90
 25.64
101.11
 29.24
 28.40
 16.38
 37.87
 12.14
 24.87
 20.67
143.19
 19.65
 39.55
 93.29
164.99
154.23
117.43
 73.58
 12.05
 17.23
 10.13
 10.58
 43.32
 17.96
 36.13
 31.35
 49.67
 21.26
 37.14
 17.02
 13.79
 45.66
 11.72
149.43
 23.62
 16.31
 58.88
 79.90
 31.85
196.81
 33.58
 24.32
 38.67
 22.54
 17.73
 17.52
 10.45
 18.21
 18.30
111.65
 12.33
156.26
 11.73
 34.66
 14.98
131.77
 52.27
 44.95
 44.34
 52.51
 88.68
 13.66
 26.16
176.62
187.62
 10.00
 23.20
 26.92
 29.91
 42.74
 25.12
 28.73
 33.22
 18.35
 24.85
 68.36
 37.22
 11.59
 17.50
 38.40
 12.78
 11.16
 14.71
 10.10
 11.84
 20.46
 44.06
 43.58
127.58
 67.65
 25.21
 13.28
 26.32
 38.21
 10.31
 36.46
 69.87
 77.62
 79.29
 12.80
 54.97
 19.67
 99.35
 40.02
 11.30
 30.53
 11.39
 19.08
 17.73
 18.39
 32.16
 13.03
 32.25
 13.13
 21.57
 62.57
 27.74
 17.06
 68.93
114.56
 71.49
 39.69
 31.53
 44.54
 90.71
 25.06
 46.91
168.35
 41.42
 47.11
 20.43
 11.12
 13.78
 22.95
 13.92
 96.84
 23.08
 17.72
 18.93
 53.03
 29.81
 46.40
 14.52
 15.68
 10.88
 14.72
 24.69
 53.83
 57.95
 84.18
120.20
 15.85
 31.61
 33.83
149.24
 25.98
 14.30
 82.34
 36.77
 43.48
 10.65
 21.42
 17.19
 23.53
 22.85
 22.35
 15.60
 20.12
194.48
 13.94
 15.72
 59.17
 10.01
 13.39
 12.66
 21.96
 57.68
 11.12
 20.04
 38.53
 65.29
 63.84
 56.26
 13.54
 15.93
 28.10
 21.69
134.92
 65.95
 23.83
 17.13
 14.32
151.43
 10.64
 24.77
 15.22
 12.04
 14.36
 13.87
 40.33
 39.60
 44.61
 11.00
 30.88
 16.47
 23.96
100.96
133.99
 50.52
 12.08
 71.50
 10.35
 11.98
 16.57
181.40
 14.71
 27.09
 76.39
 11.31
 10.26
 38.66
 49.72
 18.37
 15.40
134.45
164.26
 26.95
 10.73
 27.73
 27.97
 45.97
 51.68
168.15
 12.57
 34.72
 12.12
 16.83
 19.01
 17.26
194.35
 67.44
 43.26
 23.18
 21.76
 12.42
 63.90
 14.51
 10.07
 32.05
 25.17
 15.05
 14.17
 27.11
 16.01
133.55
 13.41
 68.10
 76.49
 78.08
 17.40
 43.09
188.61
 13.17
 24.06
 47.18
 10.20
 18.06
 12.01
 11.91
 28.59
 55.60
 16.32
 12.11
128.61
 75.94
 17.23
 10.75
 16.88
 10.27
 10.69
 67.34
 12.72
 77.48
 45.63
 13.78
 19.56
139.44
 12.09
 26.68
 61.43
 10.50
 12.81
 15.59
 31.01
 59.07
 85.65
 35.77
 12.96
 10.07
 17.44
124.15
 20.45
 51.82
 17.98
 32.03
 26.00
 48.99
 18.09
 10.84
 31.96
 29.75
 35.58
 19.56
 22.03
 20.97
131.40
 36.29
 12.64
 40.18
 54.45
 11.86
 17.40
105.68
 34.17
 10.09
 28.26
 20.91
 18.29
 35.21
 48.10
 14.70
 68.57
 11.32
 26.67
 34.31
 11.43
 55.22
 13.61
143.54
 56.71
 22.19
 10.82
 21.75
 12.65
 14.44
118.23
 11.22
 36.77
 10.96
 21.31
 58.38
 16.19
 10.72
 15.23
 23.53
112.62
 25.03
 14.11
 11.85
 11.88
 49.28
 31.60
 10.76
 33.96
 12.71
 13.45
 10.09
 19.02
 86.18
 14.96
 12.97
 22.47
 34.71
189.48
 10.57
 38.68
155.63
 14.14
 11.33
 14.31
102.63
 51.67
 33.97
 10.08
 62.82
 18.87
 17.69
 20.12
 43.07
 13.94
 22.16
 10.50
 30.55
 19.99
 21.05
 12.00
 58.67
 77.03
168.78
 29.28
 45.25
 48.04
 31.85
147.85
 66.05
 57.28
 17.51
 80.36
 25.50
 16.25
 15.79
 96.45
 52.12
 23.16
 11.54
 80.41
 12.57
 21.03
 16.00
 36.14
 11.14
 40.53
 16.22
 17.91
 10.43
 14.66
156.47
 14.66
 73.93
 27.48
 28.48
 50.63
 63.27
 11.00
 11.32
 10.44
 37.90
 72.86
 25.61
 29.99
 52.35
 10.91
 10.56
 96.82
 20.79
 54.82
 17.58
 74.51
 25.53
 45.61
 10.56
 20.67
 19.44
 17.55
126.20
 15.32
130.11
 53.14
 67.53
 26.67
 13.63
 73.67
 38.35
 83.14
 12.82
 35.95
 74.79
 25.12
 14.62
 13.92
 14.27
119.41
 74.91
 58.33
 15.48
 51.52
193.55
 18.41
 13.30
158.90
 51.27
 10.39
 83.22
 25.59
 23.65
198.08
 79.60
 11.39
 65.67
 19.16
 43.99
 43.33
 15.63
 78.34
 21.68
 54.00
 28.44
109.04
159.94
 93.67
 31.06
 32.51
 18.94
 14.68
 83.02
155.66
 11.50
 57.11
 53.09
 10.28
 53.79
131.52
124.50
 66.99
 13.50
 55.64
 10.88
145.13
 41.91
 17.43
 65.69
 11.99
 16.97
 19.25
 57.24
 14.30
 52.91
 37.89
 19.48
 34.20
 66.28
 12.12
 29.33
 21.11
 41.46
181.01
 58.21
 14.53
 88.25
 14.96
 23.02
 45.87
 13.12
 11.63
 16.96
 22.81
 25.01
 12.62
 25.20
 10.46
 28.42
 23.16
 10.64
 14.09
160.80
 11.08
 38.07
 49.11
 10.48
 36.93
 25.45
 19.62
 13.15
 49.25
 28.42
 12.07
 17.16
 36.27
 21.35
 21.87
137.12
183.19
 32.49
 25.87
 31.74
 23.89
 12.32
 35.27
 33.94
 44.32
 10.90
 11.32
 35.06
 20.55
 73.09
 16.13
 11.03
 27.17
112.59
 81.42
 84.10
 32.88
 14.06
 49.80
 24.08
 15.11
 14.58
 77.01
 13.69
 27.43
 11.49
 59.59
 63.24
 12.77
 21.11
 35.81
 26.78
 70.82
 10.11
 16.80
 11.32
 17.87
 16.58
 10.72
 11.76
 20.16
 41.55
 18.59
137.09
 10.25
 81.75
 11.22
 23.93
 40.42
101.71
132.23
 11.41
 12.44
 25.07
153.34
 20.66
 14.74
 20.32
 41.30
 29.72
 12.43
 26.86
 70.78
 10.96
 92.63
 10.17
 17.18
 10.09
 20.43
 31.66
 61.75
139.19
 25.74
 23.21
 16.44
 13.21
 18.88
 17.92
 17.62
 62.55
 51.87
 43.26
 14.51
 24.59
 14.52
 12.10
183.98
183.72
 12.59
 31.33
 13.56
 13.67
 10.37
 12.57
 12.19
 11.26
 14.93
 18.96
 16.56
 13.01
 64.75
127.12
 41.97
 91.83
 11.92
 16.28
 13.31
 24.57
 10.56
136.27
 39.09
 14.14
 48.28
 16.74
 11.94
 33.57
 27.55
 13.63
 74.09
 30.59
 11.78
 10.31
170.97
 17.10
 13.49
 86.31
 31.75
 47.51
109.68
 23.68
 13.01
 16.14
 13.91
 31.85
105.77
118.69
 20.47
188.74
 13.78
 55.62
179.08
 37.64
 10.77
 16.03
 14.63
 11.72
189.54
 62.13
 29.47
 26.72
191.08
 86.34
 20.70
 26.96
 20.31
 11.42
 59.11
 28.53
 27.88
 16.23
 39.63
 30.73
 13.02
 13.69
 76.76
 97.53
 49.04
 10.22
 20.06
 23.99
195.41
 19.46
 29.90
 14.66
 65.28
 77.35
 57.21
 24.49
 10.24
 10.84
 50.94
 13.43
 28.53
 12.10
 13.86
 39.03
 19.93
 17.41
 17.56
 90.65
 51.76
 27.47
 43.93
 10.66
 33.83
 18.46
 16.64
 39.84
 15.52
 11.72
 17.38
 13.66
 11.24
 84.09
 27.66
 12.15
 22.33
 11.35
 12.94
 17.94
 57.86
 10.51
 11.71
 28.47
 11.54
 14.29
 17.55
 10.63
 14.86
 17.00
102.94
 10.69
 37.37
 13.25
 31.62
 18.45
 13.37
143.55
 54.99
 18.34
 14.53
 23.16
103.27
 20.83
 12.30
110.25
 33.28
 41.33
 12.21
 45.67
 73.36
 32.74
 16.34
 11.51
 98.38
 15.39
 30.41
 10.04
 51.39
 10.21
 16.00
 89.11
 67.05
 37.23
 42.58
 23.74
 72.45
 17.20
103.14
108.91
 12.94
 26.94
 10.53
 26.39
 14.46
127.75
 17.99
 11.36
 18.38
118.79
 99.42
 10.94
 11.80
 18.54
 23.72
 22.32
 92.63
 22.47
 13.53
193.92
 48.41
171.10
 10.53
 28.87
 34.28
194.86
135.51
 11.47
 32.33
 53.86
 30.64
 55.36
 13.74
 16.83
 28.51
 21.82
 16.88
 18.59
 12.03
 22.24
 23.30
 12.20
 50.58
 70.92
 72.35
109.52
 54.15
 33.60
 12.70
 10.01
 57.80
 67.98
 26.20
 11.81
 47.44
 60.90
 39.30
 15.10
 21.35
167.84
 13.02
 18.18
 10.32
140.05
 10.53
172.74
 40.61
 14.28
 14.63
 21.68
 64.47
 36.70
 49.75
 24.11
 16.99
 22.39
 20.86
 22.86
 11.08
 21.49
 66.19
 12.41
 19.18
 15.91
 21.84
 17.18
 27.80
 26.16
 12.10
 95.07
 34.53
 81.69
 10.55
 75.17
 17.74
122.39
 50.82
 18.82
 29.63
 16.94
 45.64
 44.73
 81.84
 46.28
 13.64
 31.75
 10.88
 80.55
 27.81
 38.40
 11.03
 13.51
198.00
 59.36
 37.48
 26.40
 83.65
 14.60
158.47
 26.46
 48.35
160.47
 60.85
 10.20
 25.81
 22.95
 11.32
 10.26
 41.24
 10.09
122.32
 26.98
 22.15
 11.21
 61.70
 38.59
 24.82
 22.00
168.05
 13.47
 72.42
 14.32
 12.60
 11.53
 75.56
103.60
160.31
 40.12
117.22
 31.78
 15.86
 50.60
 13.72
 12.38
 14.08
163.22
 45.08
 19.53
 77.00
 17.73
 11.75
 49.54
 32.34
 49.16
 11.50
 84.17
121.57
 16.92
 61.24
 23.55
 29.98
 70.19
 18.16
 41.54
 40.06
 24.86
 12.21
140.69
 11.86
 14.53
 32.15
 57.43
193.15
 52.23
 10.96
 72.63
 63.80
 24.77
 45.49
 18.22
 11.85
 26.86
 16.69
 16.31
 14.26
 11.41
 23.51
 20.76
 23.98
 87.63
108.66
 21.19
 18.53
 37.68
185.24
 34.86
 31.13
 13.25
 22.36
187.01
 10.97
 18.02
 11.43
 22.09
 27.30
 19.39
113.00
 65.52
 80.70
 14.88
 53.68
113.71
 12.17
 11.55
 15.08
 88.55
 10.26
 17.31
 79.64
 12.75
 14.33
108.52
 21.29
 12.46
 90.86
 14.19
 10.35
 17.16
 32.56
 75.35
 29.06
 15.85
 11.95
 23.09
 21.03
 17.87
196.02
 11.96
133.73
 17.68
 38.62
 16.37
138.04
 23.92
192.63
 19.31
 21.56
 15.93
 52.91
 10.02
 15.03
 50.64
 20.49
 16.78
 13.98
 27.24
 13.74
 11.42
 26.40
177.00
 19.12
 56.73
 10.31
 43.06
 39.92
 73.04
 15.15
177.67
 22.62
 53.67
114.67
 13.84
 19.90
 86.28
 21.98
 30.97
 20.47
 39.00
 15.96
 26.83
 97.01
 16.10
 28.31
171.22
 73.25
 13.95
104.72
 53.61
 44.19
 23.84
 13.22
 50.79
 23.41
147.57
 25.36
 90.35
188.39
 13.39
 38.80
 60.01
 19.50
112.68
186.18
 37.43
 36.20
161.51
 13.66
 19.57
 44.37
 39.30
 34.43
 71.70
 66.04
 17.21
 38.48
 69.56
 82.38
 20.75
 26.63
 80.15
122.55
134.54
 11.44
 33.59
 10.02
 40.16
 11.84
 10.36
 51.53
 19.78
 29.88
 30.60
 87.15
 18.80
 39.74
 89.88
 37.83
 57.03
198.17
 14.93
146.16
 15.28
 66.50
 50.64
 41.05
 49.78
 16.81
 11.14
 13.35
 18.02
 91.58
 16.20
 12.91
 20.13
110.20
 70.86
 11.42
104.42
 29.11
 11.88
 13.50
193.74
 11.01
103.82
100.34
 38.25
 25.67
188.48
 18.73
 17.21
 16.71
 35.31
 26.72
 10.23
 56.70
 26.20
 18.99
166.25
 29.99
 30.44
 10.19
 83.40
 45.08
 26.65
 13.21
 10.06
 50.21
 26.21
 91.40
 16.58
 14.99
 21.09
 25.85
 12.12
137.52
 39.96
138.28
 12.77
 17.10
 19.22
 13.14
 15.92
 18.96
 12.55
 18.59
 19.25
166.00
 28.61
 24.54
 35.99
 28.77
 20.17
 29.46
 11.30
 46.88
 54.31
128.25
 11.60
 78.49
 19.89
 13.30
 33.66
 35.38
 16.99
 79.43
 67.20
 34.44
 13.16
164.12
 72.71
 13.75
 86.68
 29.41
 80.44
 19.54
 33.80
 10.57
 28.24
 71.06
 10.42
 35.15
 13.46
 82.94
169.43
 21.84
 60.31
 10.45
 10.02
 22.35
 15.66
 44.86
195.39
 15.04
 15.05
150.82
176.41
 45.96
 98.98
 63.63
 15.49
 22.25
 21.85
 37.80
 34.10
 18.59
 23.30
 64.05
 33.39
 10.19
 79.42
 99.40
 66.92
 24.66
 12.15
 49.19
 13.73
 13.02
 11.61
 12.21
 47.83
 12.51
 22.11
 17.52
117.52
 25.00
132.34
 76.60
 28.87
179.32
 16.39
 21.32
 14.27
 11.56
 32.24
 64.56
 13.30
 22.31
 12.20
 59.84
 16.07
 11.79
 23.09
100.96
 17.57
 10.42
 39.86
 27.85
 23.13
 34.50
 15.38
 15.23
 14.52
 14.02
 45.56
 32.28
 49.09
 40.94
 19.19
 29.62
 12.49
 19.26
161.87
 55.92
 20.32
 11.93
 36.07
 74.26
 19.01
 33.40
 24.57
133.72
124.90
162.14
 11.39
 14.74
 79.44
 69.76
 34.70
115.16
 80.50
 17.19
 22.82
 60.05
 69.81
116.49
 10.65
 33.96
 28.09
 16.38
 34.13
 35.57
103.28
 10.87
 56.93
 27.61
 19.80
 36.57
 11.72
 26.26
113.32
 54.30
 37.70
 30.90
 42.92
 33.48
 84.81
 15.11
 13.17
 30.59
 22.42
 35.98
 16.14
 16.38
 28.53
 82.32
 12.12
 30.80
 21.91
 66.05
 73.34
 18.09
 30.19
118.43
 24.11
138.47
 79.29
 16.78
 19.88
 18.69
 19.76
 24.39
 50.46
112.90
 29.98
 40.78
 14.43
 29.23
175.44
 18.75
144.39
 30.20
 21.04
 23.15
 25.63
 31.89
 22.98
 24.80
 71.69
 17.73
 11.80
 11.25
 45.22
 57.61
 25.71
 57.18
 11.25
 10.03
 64.30
 62.48
 17.48
 49.91
 56.97
 10.58
152.19
 74.13
 13.49
 49.00
 38.35
 36.48
