 96.31
 30.72
 35.83
 12.39
 10.89
 37.60
 30.02
 93.85
 13.90
 11.06
 15.36
 53.96
 43.11
 74.69
 63.19
 21.55
101.25
 27.16
 24.45
 22.91
 22.86
 18.26
 11.34
 17.68
 33.44
 26.23
 77.58
 38.96
158.71
 16.22
 42.04
 60.00
121.25
 93.19
116.54
 19.00
 62.11
 16.07
115.82
 10.27
 63.28
138.11
 49.09
 38.57
 21.73
134.89
 13.59
 11.54
 40.37
 52.92
129.00
 54.49
 22.92
 18.59
 65.67
 11.70
 28.60
 33.80
 41.94
 10.99
102.72
 24.97
 16.93
 17.61
 86.77
 15.31
 39.51
 12.01
 10.13
 16.69
 26.09
190.20
 19.49
 42.35
 20.15
 98.50
 36.02
 52.66
 54.76
108.05
 41.03
 34.58
 10.91
 31.35
 73.87
 14.30
 85.49
 22.41
117.92
 55.76
 77.94
 22.11
 64.65
 60.14
 13.63
 46.50
 23.12
 17.10
 44.13
 21.67
 15.87
 37.71
 30.56
 21.39
 54.01
 17.02
173.69
 16.20
 28.94
 20.02
 66.01
 39.33
 54.97
143.04
 45.52
 29.98
 24.65
 15.42
 12.21
 11.13
 30.16
 30.37
 32.95
 61.54
 60.61
 60.39
 10.93
 13.09
 17.83
 10.68
 18.12
 20.74
 26.33
134.95
 51.50
 64.60
 24.05
 32.56
 14.02
 14.22
 13.51
 20.63
 20.61
 28.74
195.79
 16.70
 28.07
 12.19
 20.33
 65.12
 11.34
 29.29
 48.38
 19.29
 24.90
 13.32
 12.21
 77.42
 11.15
 33.53
 50.37
 44.30
 11.36
 74.51
 19.89
109.35
149.31
 34.69
 44.36
 67.80
 52.37
 12.97
 12.09
 13.03
 25.46
 16.28
 12.68
 26.79
 68.59
 22.31
 14.32
 36.41
 51.48
174.37
 13.42
 27.51
 13.36
 61.29
 17.57
 68.89
 40.76
 23.80
 36.00
 10.15
 24.64
 92.79
 62.92
 38.71
 63.74
 14.50
 31.72
 11.41
115.99
 19.06
157.46
 24.79
 80.06
 10.39
 42.15
 60.47
 35.92
 71.43
 13.55
 12.45
 22.34
 16.10
 23.74
 88.00
 32.74
 11.34
121.67
 10.99
 13.29
162.41
 12.97
 38.83
 41.33
 37.99
 10.28
 18.67
 35.15
 24.81
 33.22
 26.10
 29.00
 82.61
 10.44
 20.93
 23.00
 75.93
 18.74
 27.18
 27.06
 10.00
 47.04
 21.47
 12.71
 10.22
 90.72
 20.34
 25.15
109.81
 24.88
 41.11
 45.06
 14.19
 14.50
 18.38
 23.08
 33.44
 23.79
 70.97
 13.32
 39.36
 80.03
176.55
 22.07
 11.46
 92.67
 24.60
 28.95
 11.48
 39.29
 16.94
 36.43
100.80
 50.11
 76.67
196.98
 46.32
 19.52
 36.24
 16.39
 17.93
 42.79
 12.82
 30.87
 15.89
 12.57
 14.21
 11.99
 20.40
 32.60
 16.62
 12.94
 35.05
 29.58
 29.09
 15.68
 20.83
 16.40
 19.26
 16.93
 18.17
 12.59
189.18
 20.60
186.21
 35.81
 53.93
 13.02
 16.56
153.84
 75.86
 38.42
 93.75
 40.40
 16.66
 14.83
 24.41
 41.95
 40.17
 11.76
 88.32
190.03
 16.48
 14.50
 21.42
 13.86
 30.18
 13.33
 60.62
 13.78
 23.41
 16.05
 44.97
 96.38
 16.19
 15.22
 21.33
 12.68
 23.24
 22.84
 18.00
 10.74
 38.04
 14.56
 48.42
 74.22
 42.46
 28.38
 37.55
 13.19
 10.24
 99.12
 47.35
 16.59
105.48
 18.14
 11.22
 10.62
 38.03
 14.45
 32.30
 16.21
114.57
 22.45
 20.79
140.96
 17.53
 64.24
 10.04
 21.46
153.42
 10.25
 59.18
 17.78
 61.36
 24.24
 41.54
 39.20
 10.49
 21.57
 11.17
 16.17
 12.60
 17.74
 47.32
 10.02
 90.68
 24.25
 12.58
 11.66
 73.33
 32.99
 14.65
 54.48
 10.17
 54.99
 21.70
 22.91
 11.25
121.52
 12.93
135.53
 29.12
 29.18
 10.82
 40.07
 11.32
 54.57
 30.63
 25.27
 10.99
 51.95
 11.15
 11.22
 79.65
 16.51
130.54
165.73
 73.95
 42.68
 20.98
 43.88
 12.56
 62.57
 19.66
 14.65
 33.38
 11.67
 19.98
 16.51
 35.88
 26.25
 38.43
 28.07
 20.41
102.51
 30.46
 32.47
 13.94
 11.14
 20.09
 28.13
 20.76
 22.71
 11.51
 21.50
157.90
 10.06
 10.86
 14.33
 35.72
 89.77
153.03
 12.55
 13.35
 25.22
117.49
119.53
 93.70
 17.94
 13.90
 16.16
 62.34
 11.19
 44.85
 32.57
 10.32
 22.28
 12.00
 15.72
 53.67
 49.56
 11.35
140.75
 17.36
 13.74
 56.07
 70.08
 16.29
 16.95
 10.81
 11.43
170.69
 18.56
 10.23
115.80
 84.68
 41.74
 12.61
 19.75
 22.82
 58.68
 12.57
 35.60
 28.73
 26.84
 10.55
 56.49
 88.09
 10.84
 71.30
 21.40
 12.31
 25.23
 31.91
 10.56
 14.23
 24.53
 97.08
 35.69
 73.83
 15.24
 25.32
 19.56
 11.82
 10.87
 19.20
 32.37
 21.69
 17.84
105.41
152.91
 19.27
 49.71
 14.88
 11.82
 54.76
 11.41
 36.16
 18.85
 25.56
 11.39
 42.04
 10.79
 53.13
 17.40
 37.02
 18.02
 13.22
 53.06
 11.10
 12.20
 30.66
 25.73
 38.49
 61.96
 20.69
197.77
 20.29
 87.99
 13.94
 10.64
 18.66
 19.21
109.54
140.49
 22.65
113.17
 15.47
 19.20
 30.49
 37.43
 62.61
 30.60
 55.91
 13.20
 53.82
 23.45
132.14
 11.68
 18.35
 20.49
105.11
 80.13
 29.93
 10.59
160.87
 13.17
 12.44
 35.83
 36.00
 38.78
 14.08
102.67
 11.99
 51.96
 13.11
 28.31
 37.43
 44.41
 23.31
 86.91
 11.11
 37.67
 74.42
 11.43
 18.25
 90.44
129.17
 25.84
 14.19
 12.16
 15.87
 69.60
 14.15
 24.34
 45.01
 12.40
 61.65
197.62
 35.73
 12.51
 15.06
 73.78
 12.97
 12.16
 27.85
189.20
 22.86
 68.55
 12.41
 68.57
 13.15
 40.31
 22.40
 19.17
 92.28
 37.85
 64.59
 10.76
 38.20
 16.80
 17.22
 35.98
 10.15
 18.94
 15.31
 16.64
 28.17
 10.97
 52.89
 17.96
 23.44
 15.70
 21.05
 35.24
 76.86
 13.69
 78.66
 31.15
 26.68
 52.11
 17.82
 15.41
 11.93
 20.05
 10.35
 17.83
 29.52
 39.80
 13.16
 10.58
 17.86
108.62
 27.93
 13.09
 22.98
130.67
169.81
 17.43
 33.63
 17.62
 12.63
141.74
 33.05
 26.36
 10.45
 51.14
 20.26
157.63
 11.97
 13.52
 31.74
104.33
 12.31
 11.95
 10.08
 32.95
 51.01
 25.65
 33.36
194.57
172.27
 37.12
 12.01
 13.27
 34.98
146.36
 27.67
 26.66
 86.46
 24.60
 10.47
 23.11
109.26
 16.48
 43.78
 20.07
 15.70
 12.36
 12.61
 72.08
 23.09
 11.61
 26.49
 14.37
 18.20
 41.03
 26.30
 13.22
 11.66
 10.60
 67.74
 15.91
149.51
 71.48
 10.48
 12.17
 10.85
 37.91
 13.91
 34.41
 18.98
 52.83
 90.40
 10.73
 10.93
 13.85
 52.35
 15.93
 11.19
 89.64
 27.62
 12.17
 17.08
 24.07
 17.56
 25.36
 12.07
 10.37
 67.64
 33.46
 19.19
 29.77
 10.02
 19.76
 19.08
 19.29
154.30
142.62
 25.26
145.85
 14.85
 45.99
 13.12
 42.78
 13.93
 19.36
 29.09
 10.74
 35.06
 23.76
 15.05
 36.39
 36.32
 72.93
 20.53
 30.15
 43.43
 38.10
 11.86
 82.08
 15.10
 27.37
 33.84
 43.05
 36.87
 57.34
 15.48
 13.30
 14.01
123.97
 50.47
 11.86
 35.66
 10.00
 76.03
173.78
 27.81
 41.48
 11.74
 14.76
 10.03
 39.77
 19.83
 11.24
 11.45
 15.75
 36.44
 54.32
 13.14
 53.14
 10.92
 12.97
 14.93
 21.00
 30.45
 34.93
 14.46
 80.16
 13.33
 76.58
 34.75
 20.61
 11.51
 12.23
111.45
 20.83
 76.17
 25.70
 10.31
 33.32
 18.52
 10.16
 16.74
 28.55
 21.28
 26.29
 19.17
 41.72
 11.94
 35.66
 29.31
 12.46
 99.79
 32.52
 33.98
 12.63
 14.44
 53.62
 16.58
 31.70
 18.06
136.40
 17.89
197.88
 61.46
 36.58
 14.84
 61.80
 18.35
 22.67
 23.66
 26.43
 11.03
 10.37
 10.34
118.38
 33.15
 13.37
 20.82
 62.54
 73.91
 10.76
 13.04
 29.91
 17.10
 22.50
 28.28
 69.21
 11.74
 12.28
 66.58
 80.80
 31.54
 10.67
 16.39
 24.75
 42.29
 30.07
 16.76
 34.78
 14.55
179.69
 15.88
 15.76
 27.16
 15.91
101.88
 29.57
 13.17
 21.52
 19.89
 11.61
 11.79
182.12
 10.40
 18.58
 17.58
 22.74
 14.35
 21.90
 26.96
 20.89
 18.66
 10.29
 20.79
 26.70
 19.12
 22.96
 11.83
 31.71
 32.98
 13.33
 18.13
 51.49
 25.10
 13.10
 10.21
 18.68
 30.02
 67.42
 46.00
 58.94
 17.29
 92.72
178.78
 10.55
166.61
 98.61
 24.85
 79.05
 11.72
 12.30
 22.02
 16.71
122.89
 38.47
 11.10
 15.05
 42.45
 14.83
 25.97
 11.40
 81.70
 16.62
 13.70
 22.57
 59.48
 37.00
 11.09
 35.06
 21.89
 13.38
 18.06
 12.58
 33.65
 42.20
125.02
 23.26
 17.86
 27.21
 21.12
100.09
 18.56
 27.05
 52.84
 22.20
 71.41
 10.03
 31.38
122.59
 33.81
 82.90
103.47
 46.23
 15.97
 25.12
 16.79
 58.87
 24.43
 99.64
 42.23
 11.04
 96.34
 20.73
 11.97
 50.13
 11.48
 19.53
 10.01
 11.22
 41.24
 13.13
 26.37
 12.56
 14.14
 30.53
 13.21
 10.75
 18.95
 18.45
 57.81
 93.52
 12.63
100.75
 13.26
 16.75
 38.38
 16.39
 12.35
 38.64
 98.01
 14.61
 55.66
 12.07
 17.59
 10.55
 98.20
 14.43
 24.29
106.97
 22.17
 21.30
102.97
 18.31
 16.21
 32.51
 13.60
 48.79
 23.66
127.04
 32.26
 66.27
 92.38
 10.02
 10.11
 11.60
 21.53
198.14
 29.61
 86.54
 14.22
 39.96
 28.36
 36.83
 16.11
 14.37
 23.74
 31.68
128.63
 17.86
 40.65
 12.44
 17.71
 23.65
 53.60
 80.92
 19.09
108.31
 14.49
 11.71
 22.27
187.29
 13.48
 17.87
 54.39
 22.35
 24.17
 10.92
 13.68
 22.20
 11.82
 20.24
 38.39
131.92
 10.99
 20.41
 78.41
 28.02
 32.91
178.47
 25.49
 18.03
 10.53
106.45
 15.10
 22.61
 12.57
 14.69
 14.71
 17.33
 10.46
 31.48
 26.67
 18.48
 28.96
 14.35
 80.20
 21.26
 40.99
 31.16
 49.11
 57.98
 33.63
 22.11
 22.62
 50.44
 16.77
 39.24
 17.06
 10.97
 62.83
 15.06
 26.79
 10.96
 14.20
 25.06
 19.43
 64.15
 10.70
 79.62
 25.23
 32.11
 12.67
 33.09
 12.06
 54.77
 19.45
 14.57
 10.63
 15.64
 11.11
 22.84
 21.69
104.44
 27.32
 16.26
113.56
 10.43
 60.87
 94.09
 12.42
 39.24
 14.34
 10.42
 32.95
 52.76
 54.73
 13.20
 11.03
 73.22
 81.79
 11.63
 30.02
 24.95
 11.60
 26.86
 14.85
 40.30
 10.55
 15.46
 13.72
 23.98
 51.93
113.19
 24.02
 13.64
 12.50
 10.77
 12.42
 27.36
 22.99
 17.28
 35.71
 16.51
 24.95
 22.07
 44.82
 11.25
 16.36
 25.25
 67.97
 30.22
 19.31
 10.59
 30.48
 75.35
 31.31
 14.53
 12.02
 29.55
 17.59
 47.48
 10.31
 52.64
 92.35
 17.81
 15.90
 31.40
139.26
 13.60
 46.99
 48.33
 73.01
 12.97
 19.10
 16.94
 18.11
 13.27
 85.65
 19.59
107.67
 13.32
 25.44
 18.11
 23.71
 57.46
 10.84
 22.32
 76.51
 74.63
 17.10
 13.84
 33.27
 17.56
 10.28
 16.49
 10.88
 65.32
 82.47
 67.24
 10.45
 21.09
112.57
 52.06
 29.92
 19.07
 13.04
 53.18
 37.25
 52.31
 10.58
 50.18
 15.65
 23.47
 23.37
 18.64
 13.79
 22.69
 20.83
 11.61
 22.47
 14.41
 15.06
140.25
 84.06
 19.88
137.83
 19.19
 23.29
 53.96
 51.63
 33.01
 12.11
 13.23
 63.33
 13.93
 12.99
 10.22
 13.39
 16.33
 11.02
118.27
 51.95
 94.09
 10.47
 14.51
153.99
 40.69
 26.56
 38.91
 11.82
 56.38
 13.91
 17.64
 11.15
 12.60
 65.90
 28.39
 23.56
 32.07
 12.79
 96.38
 16.08
 68.47
 45.48
 93.91
 14.82
 11.94
 11.13
 42.04
 69.06
 27.70
 10.02
 77.78
 15.66
 27.84
 61.06
 11.12
156.99
 19.03
 14.49
110.73
 11.78
 11.03
 21.44
 16.64
 13.69
 30.62
 24.92
 10.70
 17.84
123.67
 15.08
 17.02
108.33
 33.89
 10.53
104.90
 15.77
 15.69
 70.97
 44.63
 11.47
 52.56
 62.29
 17.12
 12.93
134.42
 14.25
 14.54
 19.36
 24.22
 50.91
 22.03
 27.47
114.27
 28.26
 13.98
102.64
 24.75
 32.06
 95.98
 18.82
 14.53
 13.39
 35.90
 13.03
164.71
 18.43
 43.15
 21.06
 22.00
 10.19
 14.97
 12.05
 93.78
 77.15
 13.70
 38.58
 32.55
 49.39
 24.85
132.94
 33.02
 21.66
 25.63
 16.70
 32.60
 33.31
 19.32
174.92
 24.23
109.57
 37.55
 30.54
 24.43
 10.84
148.39
 30.88
 16.44
 25.00
 10.55
 11.30
 51.88
 18.21
 92.08
 22.42
 56.17
177.30
 50.67
 17.21
 14.24
 12.62
 20.80
 51.18
 11.63
 19.19
 12.58
 67.08
 42.47
 19.42
 14.66
 68.89
 95.71
 11.39
 16.44
 44.34
 10.28
 90.04
 47.70
 10.39
 10.53
 14.73
 23.27
 22.84
 13.03
 27.41
 17.81
153.90
 32.70
 94.72
 13.67
 10.40
 23.83
 55.57
138.04
 71.88
 14.22
 24.37
 13.92
 11.44
 64.57
 47.84
 10.30
 94.23
105.55
 39.89
 12.70
 41.90
 44.93
 37.08
 25.73
 25.94
 27.88
 66.15
 20.65
 15.49
146.75
 57.53
 10.98
 51.18
 37.48
 25.87
132.33
 25.74
 26.34
 13.40
 16.89
 33.94
 66.58
129.76
 13.26
115.51
 21.56
 22.47
 74.59
 38.08
 10.60
 51.31
 34.84
 10.34
 46.82
 16.26
 91.40
 28.96
 65.14
 10.79
 29.57
 19.66
 15.64
155.76
 10.91
 50.07
 12.47
194.73
 13.88
117.58
 64.79
 31.04
 38.72
 38.93
 31.96
 48.84
 22.90
 25.72
 78.10
 21.80
 48.25
 11.10
 18.12
 11.29
 20.27
 21.98
 12.52
 23.36
 20.02
 22.62
116.17
 31.90
119.86
 10.95
 33.52
 20.95
 73.49
 22.31
 25.69
 46.61
 74.21
 17.32
 20.80
 94.73
 15.30
 76.65
 93.62
 17.35
 17.01
 36.23
 16.77
 16.67
 16.05
 31.27
 22.29
 13.68
 25.80
 13.49
 16.84
 68.56
 28.05
 34.17
 12.64
 38.58
 18.68
139.70
 13.51
 12.29
 16.88
 24.66
 14.36
 16.86
 21.71
 32.48
 19.40
 24.18
 11.32
 23.45
 30.58
 10.90
 24.84
149.19
 89.69
 56.89
173.61
109.93
 17.77
 37.41
 89.77
102.50
 16.54
 49.35
 18.03
 11.40
 23.73
 33.53
 45.91
 11.05
 16.69
 13.52
 12.91
 15.25
 12.07
111.61
 18.20
 45.85
 36.27
 10.39
 46.02
 45.72
 64.86
 17.50
 22.24
 36.48
124.63
 43.08
 12.36
 10.25
 92.39
 22.16
 37.81
 26.47
 12.66
 10.45
 70.78
 10.69
 16.20
 21.93
 18.87
 22.52
 19.14
 27.56
 13.13
 11.44
 17.16
 16.85
 11.72
 76.63
 13.32
 18.05
 15.32
 24.25
 10.03
 17.48
 13.94
 57.15
 93.91
102.41
199.87
 12.06
 22.17
 23.85
 46.51
 10.42
 13.58
 46.90
 16.66
 11.84
 20.04
 23.63
 10.77
 33.58
 11.12
 43.75
 43.87
 13.58
 50.74
 20.28
 15.17
166.29
 13.13
 11.47
 24.13
 14.87
 31.78
 13.86
 11.31
 92.91
 27.33
 15.07
 38.24
 79.21
 10.56
 39.58
 11.18
 57.36
 18.96
129.40
 42.93
 43.51
 19.85
 20.22
 38.13
 31.61
 17.40
128.22
 12.70
 10.18
 21.48
 73.53
174.34
 11.04
131.21
 20.89
 18.59
 15.71
 72.80
 18.51
104.05
 26.60
 20.32
 38.73
 16.00
 10.02
 12.98
 54.07
 84.39
 17.26
 35.26
 16.37
 15.04
 57.66
 73.09
165.06
 20.71
 22.02
 16.17
 19.99
 51.70
 10.48
 23.72
 13.74
 31.33
 28.47
 22.90
 39.78
 34.20
 41.68
 11.70
 13.55
 21.87
 21.71
 23.86
 57.52
 13.73
 11.24
 24.04
 11.35
 10.41
 49.54
 11.24
105.92
 13.15
 35.60
 21.85
 17.84
 17.96
 56.36
 31.58
 15.10
 29.44
 25.18
 48.21
 19.57
 13.80
 34.91
 73.25
 44.24
 42.87
 26.06
 47.29
 34.44
 15.49
 14.84
 22.90
 23.85
 48.22
 25.71
 23.79
 18.39
 11.52
 12.73
 14.26
 12.00
 22.96
 57.73
 13.36
 11.35
 10.44
 19.25
 21.86
116.10
 19.41
 23.15
 10.02
 19.25
 19.44
 38.06
 13.75
 14.62
111.96
 18.09
 10.65
 22.84
 11.51
 35.96
 13.77
 16.05
 23.45
 14.32
 50.37
 38.18
 12.73
 23.36
 19.29
 10.47
170.21
 23.40
 33.45
 10.28
 12.20
 12.19
 20.19
 67.18
 18.90
 11.80
 10.05
 21.35
 17.18
 70.35
 19.49
 54.32
 14.25
 37.92
 46.73
 16.80
 72.90
 50.98
 11.42
 12.78
 44.86
 16.14
 22.18
127.41
 26.75
 18.10
 23.14
 16.88
 19.56
141.69
 10.36
 41.60
 10.51
 47.21
 53.45
 22.86
 13.43
131.72
 41.54
 21.61
 25.46
 12.45
 14.00
 10.61
 13.98
 94.25
 11.79
 53.72
 26.16
 20.16
170.84
149.21
124.53
 18.64
 13.72
 18.94
 84.16
 24.78
 25.30
 18.65
 42.94
 16.61
 44.98
 10.97
 15.31
 15.22
 10.30
 23.69
 15.89
 44.78
 69.75
 34.54
 23.51
 19.69
 11.33
 17.97
 47.45
 10.73
 84.97
 12.61
 17.64
 34.14
 11.04
 78.99
 11.36
 11.18
 39.64
 36.75
 40.46
 14.55
 10.57
132.03
 16.26
 89.92
 86.30
 91.18
 18.10
 32.36
 28.58
 14.42
105.04
 11.23
112.09
 26.08
 10.27
 19.85
 11.25
 36.77
 10.93
 15.34
 80.41
128.58
 10.03
 31.88
 53.85
 11.62
 13.23
 12.51
 10.03
 17.12
 57.03
 13.80
180.96
 14.24
 12.11
 11.40
 11.80
 11.39
 30.11
 13.01
 27.90
 88.42
115.28
 17.37
 44.86
130.69
 75.93
 21.78
 24.72
 35.98
 25.39
116.72
196.70
 63.92
 22.69
 20.83
 57.28
 20.16
 47.49
 39.22
 16.83
105.21
 11.11
 56.07
 18.97
 99.86
 25.50
 15.08
 74.55
 41.65
 18.21
171.38
 15.87
 15.41
 11.27
 14.36
 11.13
 16.22
 11.43
 32.20
 14.50
 24.15
 72.46
 18.43
 54.77
 13.93
124.77
 88.38
 11.48
 77.15
135.32
165.77
 47.74
 84.80
 20.11
 59.04
 42.87
 14.98
 10.24
 10.29
 43.01
 20.12
112.61
 10.68
 13.20
 27.55
 19.48
 20.55
 97.57
 35.80
 29.19
 19.23
 56.75
 14.77
 33.75
135.78
112.97
 11.74
 32.38
 34.96
 44.27
 38.68
 20.30
 11.20
 81.10
 26.47
 17.56
 27.42
 22.32
 21.54
 10.39
 22.53
 29.25
 17.51
 69.29
 12.54
 18.92
 22.33
 12.64
 68.81
 14.52
 11.99
 37.72
 10.64
 73.05
 35.11
 11.60
 38.73
141.64
 11.00
 32.83
 17.00
 18.04
 14.28
 10.38
 10.73
 25.01
 32.14
 10.12
 33.25
 66.88
 10.59
 54.42
 48.25
 77.19
 23.67
 17.13
 45.25
 83.24
 13.39
 37.66
136.13
121.04
 35.17
 20.31
187.01
 12.14
 11.36
 41.86
123.34
 45.49
 40.85
 10.35
 75.75
 11.64
151.52
 23.00
138.11
 17.20
 25.23
 91.64
 24.22
 20.81
 44.85
 24.78
138.75
 31.56
 12.06
 16.60
 73.35
 29.03
 36.27
 27.95
 10.52
 10.87
 17.80
 14.87
 41.65
 22.94
 11.23
 11.49
 12.64
 72.53
 34.92
 26.19
113.38
 61.05
 13.96
 33.20
 14.82
 89.35
 79.26
 15.66
 27.26
 20.70
 28.04
 15.54
 23.44
100.00
101.16
 12.09
 13.46
 94.92
 33.52
105.36
 14.29
 12.76
 11.20
 28.30
 11.21
 10.79
 10.02
 32.90
 15.36
 10.02
 76.80
 31.53
 87.01
 26.99
192.68
 90.74
 13.13
 10.73
 27.70
 44.85
 10.31
180.30
 11.72
 10.85
143.23
 17.77
 59.51
 19.21
119.94
 17.29
 84.03
 14.70
 46.47
 20.94
 13.34
 21.19
 11.55
 22.15
 82.87
 28.52
 80.32
 26.27
 19.54
 12.28
185.38
 22.81
 68.71
 20.94
 13.82
109.18
 14.01
124.40
 13.27
 98.08
 14.89
 25.52
 25.32
 26.43
 25.91
 26.59
 71.39
 13.71
 11.89
 12.73
 13.72
 60.39
 20.63
 10.75
 11.31
 29.02
 24.89
 10.02
121.93
 23.94
 79.79
 37.44
 25.44
 63.41
 41.35
 14.32
 25.09
 27.28
100.37
 73.87
 86.35
 22.40
 30.51
 16.07
 12.12
 15.09
 14.81
 67.44
 26.13
 14.84
 94.94
 19.11
 92.76
 22.51
 25.26
 43.22
 66.71
 53.96
173.24
 88.06
 75.81
 13.61
 19.71
 78.67
 29.53
 12.49
113.07
 33.09
163.47
 41.16
 80.14
 94.19
 13.64
 48.51
 38.67
 17.74
 15.47
 14.08
 10.19
 17.87
 42.51
 17.88
 16.52
 24.17
101.52
 38.70
 61.28
 15.96
 88.56
 18.89
105.64
 13.82
 29.87
 23.68
 13.14
142.69
 44.34
 13.27
 53.14
 79.74
 45.27
 30.52
 28.35
 32.18
 91.79
 37.51
 12.00
 15.30
 11.36
 30.41
 23.31
 31.93
 49.43
 54.76
 59.70
 62.06
154.38
 39.26
 34.50
 10.73
171.08
 66.03
 14.68
 47.23
 86.07
 11.46
 31.70
135.48
 21.41
 10.39
 20.28
 16.21
 22.53
 21.50
 13.60
115.51
 10.59
 25.01
 34.16
 11.61
 11.08
 23.86
 87.45
 12.71
141.32
 40.44
 30.24
 20.09
134.67
163.22
 12.40
 11.26
 32.41
 21.76
 83.47
 59.76
 17.37
 12.17
 35.80
 12.10
 12.92
167.15
 14.76
 20.86
 42.99
 21.64
 12.10
 17.15
 12.01
138.52
 70.69
 76.97
 52.94
 10.27
 11.38
146.13
 94.52
 13.64
 10.14
 32.26
 37.60
 23.27
 32.18
 11.02
160.23
 20.62
 22.19
 10.61
 22.72
 35.06
 48.20
 11.11
 15.15
 33.27
 83.56
 14.99
 85.91
 11.10
 46.01
 18.25
 17.95
 51.02
 23.15
 16.23
 21.68
 11.75
 10.00
 18.52
 10.07
 20.68
 40.45
 87.94
 33.55
 43.14
 75.95
 12.69
 14.15
 27.19
 15.40
 10.64
 21.29
 15.32
 10.69
 65.98
 56.48
 50.53
 19.86
117.38
 12.17
 14.32
 68.70
 10.54
 60.65
 18.13
 20.72
 11.16
 28.64
 10.86
 11.57
 22.89
 13.28
113.69
 22.91
 17.37
 43.10
 14.03
 30.37
 28.87
 31.06
 27.21
155.05
 15.93
 92.33
 91.13
 23.90
 26.35
 23.10
 42.85
 19.98
 52.86
 27.45
 55.24
 56.91
 17.58
 13.02
 19.85
145.16
 10.60
 22.84
 14.58
 14.60
 88.19
175.88
 50.19
 11.51
 10.69
 10.19
 13.29
 34.55
 15.24
 36.76
 18.11
 15.29
 12.51
 36.22
 16.96
 32.04
 16.08
 66.36
 40.74
 78.78
 14.80
 46.31
 13.55
 10.84
 15.45
 10.11
 42.55
111.93
 16.45
 12.40
 10.50
 38.13
 54.55
 36.41
 20.71
 20.46
 13.57
 12.74
 16.59
 46.72
 89.95
 59.39
 12.81
 27.71
 20.34
 21.95
140.80
 20.91
 68.76
 79.28
 33.07
 11.64
107.12
 25.24
 19.34
 15.65
 27.83
 11.85
 99.91
 42.69
 92.08
 18.74
 17.97
 24.41
 13.17
 30.05
 11.58
 11.72
 23.26
 76.65
 19.25
 20.27
 29.47
 28.99
101.86
 90.29
104.80
 51.57
 78.74
 10.29
 91.75
 18.82
118.88
 29.23
 38.14
 15.22
 17.35
 14.74
 54.05
 13.77
 36.27
 14.28
 10.57
 27.07
 11.46
 26.22
 24.76
 14.05
 12.85
 13.07
123.64
 13.22
 90.62
 55.62
 26.02
 17.27
 17.31
 50.08
 48.15
 15.70
 17.01
 39.37
198.77
 51.46
 15.06
 12.96
199.92
 34.98
 38.36
 39.42
 29.46
 10.48
 45.54
134.52
 20.32
 42.23
 31.78
 33.48
170.33
 16.30
 11.49
 15.11
137.04
 10.54
 27.07
 10.47
 17.43
 12.93
 16.73
 22.09
 11.17
 13.60
 35.82
 43.78
 11.02
 15.45
 21.28
 85.18
 90.15
 12.43
 29.18
 17.14
 87.87
 11.61
 14.93
 15.33
 11.16
 65.94
 13.84
 20.57
 31.36
 62.12
 65.61
 18.02
 66.17
 38.47
152.34
 71.23
 13.44
 32.51
 24.75
 27.94
 12.48
 42.46
 15.93
 16.08
 13.16
 16.49
 14.60
 70.68
 10.89
 16.48
 33.07
 12.43
 14.25
 15.93
135.21
 31.55
 13.51
 25.05
 11.34
 12.09
 43.41
 95.44
 13.09
 11.68
 27.47
 11.93
 12.90
 17.64
 58.77
 12.22
 21.08
 28.09
 26.77
 12.50
 40.37
 21.94
 87.24
 19.11
 36.04
 14.48
 27.91
 10.35
 17.38
 16.78
 24.94
 22.05
 40.55
 28.09
 10.62
 32.37
141.32
 28.52
 16.15
 19.91
 18.24
 13.66
 35.17
 31.48
 20.15
 21.76
 81.16
 18.25
 10.88
 22.48
 97.37
171.29
 18.78
 38.87
 18.61
 10.95
 79.98
 34.78
 30.11
 39.31
 43.95
 26.06
 17.79
 18.38
 58.78
 15.38
 22.09
 31.61
 39.62
 46.90
 19.96
 42.11
 34.89
 17.64
 11.79
 30.13
 11.73
 99.44
113.97
 30.95
 13.76
 51.11
 83.35
 19.20
 81.74
 31.03
 33.80
 59.69
 15.17
144.15
144.57
 66.17
173.01
 28.68
 32.52
 11.36
 42.01
 15.08
 12.42
 14.40
 22.30
193.74
 12.46
 11.54
 78.18
 49.23
 33.52
 18.01
 90.30
 13.94
 67.92
 12.94
 29.46
 10.42
 14.62
 17.66
 24.93
 43.70
166.92
 29.23
 79.02
 11.90
 11.85
 45.36
 33.91
 31.56
 34.61
 16.92
 88.11
 21.64
 54.58
 12.48
 12.44
 10.94
 74.29
 60.04
 13.34
101.71
 18.58
 19.50
 37.48
 10.25
 24.61
 21.60
 17.48
 10.70
 15.60
 28.35
 11.11
159.64
 15.56
162.28
184.08
 13.51
 62.01
142.56
 13.68
 21.23
 17.35
161.25
 64.55
 23.99
 31.73
 10.04
 27.74
 26.24
 53.74
 52.82
 45.40
 18.13
 27.61
 44.51
 75.64
 11.57
 17.35
 81.73
 51.39
 65.07
 10.47
 15.99
 27.94
 12.67
 37.84
 51.99
 22.60
 34.01
 51.20
 44.15
 19.66
 87.56
 65.93
 13.77
 93.34
 80.84
124.92
 44.36
 22.90
 18.57
115.84
 35.51
 14.07
 31.02
 15.42
 46.04
 42.11
 40.44
118.11
 19.30
 11.62
110.54
 10.30
 21.10
 22.47
 12.20
 25.10
 20.96
 10.58
 11.50
 12.28
 12.30
 79.99
 17.50
 16.43
131.59
109.05
 27.62
 64.45
 17.44
 16.96
 31.41
 12.23
 18.05
 17.45
 25.47
 92.58
 13.54
 27.84
 43.02
 24.81
 34.14
 20.98
 19.09
 12.47
 11.82
 53.00
 21.75
 26.83
159.04
 25.89
 13.79
 15.38
 10.43
 19.20
 15.75
 55.61
 15.52
 11.92
 31.39
 85.95
 19.45
 26.30
 62.74
 10.60
 56.27
 28.90
 80.56
 49.01
 13.38
 26.92
 12.51
166.02
184.18
 30.36
 20.74
 27.40
 28.86
 14.17
 15.84
 81.90
 88.87
 11.77
 94.09
 13.64
 93.49
 42.81
 18.22
 10.90
 18.41
 10.36
113.41
 36.87
173.50
 43.76
 18.66
 14.06
 14.23
 23.23
 11.42
 21.34
 15.94
 17.56
 41.68
 21.74
 14.74
 11.00
 80.94
143.67
137.71
198.54
 58.94
 97.29
 14.11
 16.53
 13.35
 10.24
 34.23
 18.73
 81.43
110.56
155.16
 21.21
 36.39
 30.10
 41.71
 94.74
 10.87
166.46
 12.58
 33.47
147.04
 36.86
 36.15
 11.40
113.03
 14.09
 36.61
 11.25
 83.70
 15.49
 18.95
 19.51
168.12
 80.31
 42.91
112.13
 15.33
184.14
146.03
 21.41
 21.68
 27.36
 26.77
 17.24
 19.24
 17.33
 83.01
101.04
 20.51
 26.84
 27.57
 14.49
123.71
 11.23
 15.99
 10.24
 18.03
170.29
 19.26
 35.81
 17.46
126.03
 59.24
165.62
 36.00
 31.04
 86.86
 10.40
 12.96
105.49
 19.25
 90.76
 14.58
 17.75
 12.18
 29.00
 42.60
 37.56
 12.55
 24.36
 33.90
 11.15
 16.40
 22.49
 11.89
 10.30
 10.25
 22.92
 52.84
 19.21
 37.10
 12.86
126.99
 33.06
 23.25
 13.50
 11.02
 25.22
 27.26
 20.43
 13.33
 21.66
 19.78
 18.01
 17.74
 10.77
114.13
 19.15
 13.92
 11.63
 14.53
 10.76
 27.31
 15.04
 21.05
 15.43
 27.10
 15.88
 16.78
 23.70
 11.05
 37.26
 10.97
164.22
148.31
 15.06
 31.99
 17.87
112.13
 23.42
 20.88
 12.21
 13.12
 34.98
 12.94
117.76
 22.82
 36.09
 36.24
 12.82
 29.10
 19.34
 11.08
 10.00
 49.85
 88.87
 52.82
 10.17
 14.61
 25.64
 99.25
 91.18
 13.72
 93.53
155.00
 25.72
 22.60
 12.49
 10.07
 62.76
176.64
 10.34
 21.47
 23.56
192.90
 20.86
120.05
 12.97
175.55
 35.37
125.42
 25.67
 17.61
 80.60
 27.53
 26.88
 10.53
 34.05
 10.90
 37.49
 13.32
153.06
 22.40
 51.67
 16.67
 16.55
 21.18
 11.62
 11.47
 35.41
 38.76
 12.80
 38.73
 29.38
 20.49
 82.08
 44.06
 10.30
 10.38
 15.85
 78.54
 25.49
 37.56
 11.49
 15.74
192.60
 38.11
 48.36
 15.43
 19.93
 13.50
 10.43
 13.27
 21.92
136.32
 12.48
 19.58
 20.32
 11.84
 56.15
 22.52
 10.08
 18.64
 11.78
 34.06
 26.48
 25.06
 31.87
 45.91
176.16
 23.47
 53.33
160.63
120.81
 17.85
 10.99
 40.48
 48.31
 13.59
 12.46
 19.84
 23.25
 16.82
 12.91
 12.51
 30.91
 57.23
 18.38
 47.76
 16.06
 74.44
 35.79
 14.93
 19.39
 30.53
 31.63
 43.72
 10.61
 10.79
130.30
 66.09
 32.87
 24.82
 31.88
111.52
 12.28
 15.75
149.97
 14.46
142.06
 64.06
 17.07
 10.72
 10.38
 34.84
 13.91
 47.65
 14.35
 38.76
 21.12
 56.46
 11.26
 78.17
 18.01
 11.95
150.57
 30.47
 10.04
 15.44
 20.62
 17.56
 39.80
 12.74
 81.66
 22.06
 10.33
 23.83
 14.94
 11.21
 27.02
 26.86
 15.02
167.38
 79.70
 24.82
168.86
171.12
 11.30
 67.35
149.25
 12.53
 24.96
 19.18
 14.51
 69.60
 20.10
 10.42
 17.13
 12.47
 22.56
 54.87
 58.31
132.92
 58.91
 11.10
 28.00
108.14
 10.10
 14.93
 31.65
 12.89
 12.11
 20.06
 32.96
 33.59
 23.59
 54.82
158.86
 21.71
 26.72
 57.38
 13.19
 40.36
 11.64
 19.90
 20.18
 16.78
154.86
 45.41
 26.19
 20.94
 43.59
 12.88
 42.87
 12.19
134.41
 82.37
121.11
 12.19
 13.32
 38.49
 17.91
 13.42
 40.23
 15.75
 14.29
 15.84
 25.20
 14.45
 42.59
 21.51
 30.53
 21.68
 17.10
 11.28
 12.63
 13.03
145.32
 20.77
 23.11
 84.53
 12.75
 88.52
 44.20
 32.32
153.20
158.88
 13.94
 48.37
 81.76
 28.79
 26.76
 10.87
 71.05
 10.26
138.56
104.07
142.80
 22.21
 41.55
 11.60
 12.07
 17.96
 15.18
 44.58
 49.99
 15.76
 27.32
 15.57
 79.29
 19.27
 31.50
 32.04
 34.86
 60.26
 36.47
102.69
109.46
 13.59
 21.71
 50.23
 71.42
 70.90
 20.84
 26.46
 16.12
 41.90
 15.34
 17.40
163.29
 24.05
 10.49
120.50
 30.99
143.24
 32.19
 50.98
 28.22
 17.62
 81.03
 14.72
 13.68
 39.35
 27.38
 15.15
 11.08
 12.74
 83.52
 11.87
 30.46
 13.93
 79.21
 35.00
 62.39
106.41
 16.43
153.16
 20.43
 34.43
 17.14
 11.32
 82.29
 82.33
 19.72
 23.73
 11.59
 26.23
 68.91
 15.93
 14.77
 29.40
 17.98
 60.39
 67.97
 14.16
 16.37
 13.47
191.62
 56.12
 11.76
110.66
 12.41
 41.35
 64.61
 15.22
 12.63
 12.58
 55.19
 56.72
 16.39
 43.39
 32.34
 61.95
 19.18
 75.93
 14.37
122.18
 26.46
 21.66
 12.99
 25.97
 28.62
110.95
 12.06
 81.53
193.69
195.81
 22.03
 20.68
 50.60
 11.63
 15.65
 22.40
 18.11
 10.25
 29.52
 21.67
 13.58
 11.12
 80.93
 25.91
 16.64
 17.21
 17.07
 17.71
 31.44
 17.21
 10.65
 74.65
 10.68
 42.87
 24.94
 17.69
 17.81
 17.26
 77.76
 25.11
 12.56
 31.23
 96.58
 63.79
 17.19
 23.85
 25.15
128.88
 10.34
 89.12
 18.60
 20.10
 19.05
 11.01
 11.05
 10.83
 18.10
 57.35
 63.50
 48.55
 11.05
 19.96
152.51
 24.50
 64.68
 25.84
 19.66
 28.26
 17.74
 94.66
 13.36
 19.62
 10.52
 28.57
 67.36
 10.30
 40.40
 15.19
 53.56
 11.41
109.01
 22.31
 84.05
 85.82
 20.40
 43.96
125.09
 18.05
 21.55
116.37
 70.94
 15.33
 14.07
 17.30
 23.97
 26.70
 47.14
 15.03
 49.58
 27.08
 16.43
 12.28
 18.08
112.79
 22.92
 17.79
 40.58
 50.56
119.42
 16.07
 15.71
 28.93
 48.81
 12.59
103.94
 12.06
 20.13
 15.74
 11.75
 28.94
 50.27
 11.36
 21.57
 16.94
 49.01
 42.77
 66.18
 13.48
 22.97
 33.14
 41.36
 48.92
 13.40
 30.98
 14.39
 12.86
 42.72
 25.77
 68.02
 23.63
 11.29
 11.86
 25.78
 27.13
 15.19
 21.22
 12.78
102.13
 81.36
 26.41
 10.16
 14.65
175.36
 12.88
131.55
 10.95
 84.30
128.79
 13.02
 66.83
 14.14
 12.84
 15.01
 21.71
 28.62
 77.86
138.87
 29.74
 91.76
 25.37
 11.99
 50.19
 32.15
 35.16
 19.74
 11.57
 11.93
161.95
120.33
 89.93
 48.60
 11.11
107.25
 39.05
 63.66
 96.44
 10.71
 17.36
 44.51
 12.25
 40.84
 18.59
 21.98
 12.25
 24.87
 59.57
 15.76
 19.77
 20.50
 62.43
 15.81
 21.53
 92.19
 10.94
 42.25
 44.96
 95.83
 21.00
 31.36
 18.43
 10.71
 16.73
 10.99
 78.31
 17.13
122.83
 73.16
 54.87
 10.09
 13.88
 18.10
 15.25
119.90
 23.18
 30.46
 19.28
 11.78
 27.84
 32.27
 10.84
 12.58
 11.33
 11.97
 10.98
 13.12
 30.19
 24.31
 23.73
 37.59
 25.42
 20.98
 32.92
 69.17
 25.87
 44.09
 30.81
 30.90
193.72
 10.05
 33.45
 17.45
138.32
112.22
 12.25
 38.42
 14.19
 59.95
 24.05
 50.68
 18.51
 16.68
 94.91
114.72
 56.43
 10.05
 29.64
 14.01
 49.97
 10.06
 21.44
 14.99
 33.68
 17.26
 76.86
 15.15
 24.72
 47.29
 10.12
 34.13
 12.71
 58.94
 11.16
127.34
 79.64
 67.23
 11.74
 11.45
 87.90
114.68
 27.58
 15.82
 37.43
 80.07
 47.39
 13.09
 24.74
 16.75
 45.78
 10.58
 19.85
 89.71
 21.46
101.86
 24.04
 21.38
 14.95
 11.67
 46.93
 19.98
 13.45
 16.67
193.86
 14.13
 30.68
 69.10
 13.64
 40.39
 38.43
 46.21
 37.12
113.22
124.62
 12.94
 13.17
 28.12
 23.25
 24.44
199.11
 24.91
 99.55
 28.10
 39.91
 11.20
 12.05
 43.65
 68.66
 11.96
 15.15
 52.57
 30.19
 10.75
 30.87
 17.24
 83.59
 12.43
 37.39
 41.56
143.76
 15.62
 12.17
 26.49
 10.26
 17.97
 26.88
 15.42
 41.18
 85.26
 15.96
 49.64
 12.07
 19.28
 20.16
 97.29
 64.23
 26.49
 13.84
 27.56
 11.40
 17.04
 10.57
128.41
 31.50
 10.08
 14.17
 43.34
 64.00
 86.39
 19.61
 74.48
 45.81
 34.76
 36.49
 19.98
 13.48
 25.24
109.48
 12.34
 10.47
 34.02
 10.10
 43.55
183.23
 31.09
 10.53
 46.97
127.63
 14.84
 44.97
 12.52
 16.59
 25.61
 33.00
 19.44
 31.48
 50.58
 18.99
 66.30
 41.50
 70.20
 16.08
 47.90
 14.34
 11.96
 22.39
 15.21
 65.74
 79.16
 10.64
 31.45
 41.53
 79.25
 10.31
 16.30
 28.26
 73.50
 15.10
 27.11
 49.86
 12.85
 60.91
 16.18
 32.50
 76.91
 21.72
 17.45
 17.03
 11.71
 10.61
 11.70
 18.20
 14.13
 38.82
 31.23
 12.16
 23.32
 29.88
117.57
 23.44
 13.74
 20.84
 13.25
 83.92
135.95
 10.14
 20.66
 31.60
 28.74
 11.25
 38.30
 45.33
 26.77
118.48
100.67
 14.61
 10.97
 26.52
 11.83
 17.84
 13.45
 16.16
 50.90
 75.05
 13.65
 10.89
 42.83
 22.93
140.52
 16.80
 89.23
130.55
 42.19
 57.81
 10.17
 74.47
160.95
 72.15
 27.95
199.92
 20.69
140.47
 16.75
142.49
 30.34
 20.11
123.71
138.63
 59.56
 11.67
 63.35
 27.41
 11.35
 30.32
 15.96
 22.87
 29.46
 18.02
 19.01
 72.54
 41.30
 15.06
 19.73
 29.25
 26.20
 45.30
 14.02
 40.71
 20.87
 14.55
 41.99
 11.42
 13.19
 15.26
 13.55
 13.13
 12.74
 37.39
 63.64
 52.20
 14.64
 34.49
 51.52
 57.14
 21.67
 24.67
 27.39
 17.12
 41.68
 39.60
 14.38
 62.19
 17.18
 35.33
 28.63
 11.41
 24.92
 14.88
 37.57
 12.40
 10.54
 29.00
130.61
 12.21
140.67
 21.04
 43.84
176.47
 66.82
 46.31
124.97
192.60
 12.00
 27.48
 35.90
 21.67
 23.69
 58.06
 82.86
 20.25
115.94
 13.91
 12.08
 12.63
 92.03
 62.08
 17.94
 29.31
 67.83
 19.49
138.00
 12.01
 59.84
109.95
 71.69
 49.19
 14.41
108.34
 12.50
 13.55
 10.02
 37.55
 27.24
162.23
 12.65
 14.03
 22.40
 14.89
 12.32
 63.83
133.95
 45.52
 16.66
 15.67
 52.45
 36.27
141.97
 27.38
 12.33
 18.12
 86.86
174.97
 20.65
 25.04
 13.48
 12.28
 10.81
184.94
 11.98
 16.75
 12.66
 90.02
 27.54
 18.32
 56.45
 34.79
 33.66
 25.36
 24.33
 17.08
 41.20
 14.48
193.16
 31.97
 20.36
 19.24
 20.88
 23.09
 12.01
 28.45
108.06
 54.02
 12.56
 10.79
 18.14
 50.77
 67.43
 19.21
 14.14
116.41
 10.44
 10.00
 25.24
 36.52
 35.83
170.92
133.07
 11.30
 18.36
 67.00
 20.18
 36.51
 13.30
 14.33
 33.02
 11.12
126.84
 46.75
 48.76
 13.33
 21.16
116.63
 19.73
 39.86
 75.84
 14.98
 32.83
 49.26
 35.73
 13.13
 17.83
 15.83
 35.25
 15.59
 10.13
103.90
 29.73
 10.41
 16.43
 11.43
 14.86
 75.88
 16.51
 10.48
 40.90
 10.71
 32.22
 14.02
 47.38
 58.05
 14.65
 43.71
181.25
 18.60
 87.75
 12.75
 11.27
 11.37
 13.07
110.66
 15.53
 13.63
 11.24
 10.30
 78.87
 16.03
 11.39
 17.28
 46.00
 39.12
 11.24
 71.39
 19.33
 24.76
 99.67
 10.21
 11.17
 15.97
 10.40
 13.85
 22.88
 52.63
 24.48
 13.80
 17.22
 25.31
 30.40
 10.83
 19.94
 26.14
 22.02
 15.14
 12.28
 11.51
 58.90
 23.11
 16.67
 60.79
 27.51
 10.22
100.66
 14.68
 13.88
189.46
 14.49
 43.95
 11.83
 26.18
145.64
 51.24
 23.05
 11.45
 56.42
 16.77
 19.42
 68.83
 10.22
 64.74
140.22
 20.36
 14.01
 63.41
 23.15
 12.31
 36.48
156.58
 17.01
113.96
 13.88
 36.01
 78.10
 10.64
 15.70
 46.00
 13.85
 29.34
 14.51
 16.19
 33.72
 20.22
 63.40
 11.67
 20.81
 76.12
 21.19
 34.00
 67.06
121.75
 21.14
 21.77
 28.74
 12.62
 13.57
 10.31
 12.88
 38.26
100.49
 11.29
 26.06
 11.25
128.88
 10.60
 22.66
 12.86
125.97
 10.53
 55.56
 19.56
 35.74
 13.58
 75.93
 44.71
 45.04
 10.57
 16.77
 20.54
 16.34
 60.41
 13.85
 21.53
161.03
 10.94
 15.36
 85.17
 11.95
 19.16
 19.48
 11.51
 12.52
 35.67
 98.88
 35.85
 12.16
 25.83
 29.75
 16.31
 50.76
 28.83
152.21
 21.33
 28.61
 35.19
 96.44
 21.01
 12.54
 70.84
 26.81
 37.50
 71.97
 13.82
 14.48
 16.48
 69.06
 33.91
 39.62
101.57
 12.16
 19.35
 25.41
 17.75
 56.21
 90.23
 15.90
106.80
 25.11
 11.48
 15.62
 41.38
170.68
 19.57
 10.40
 14.32
 17.34
 13.66
 69.99
 16.50
 13.24
 52.55
193.37
 60.21
 18.42
 12.13
 56.25
 10.63
 12.75
 65.73
 20.65
 62.22
 19.62
 57.65
 56.96
132.15
 24.90
 39.60
 36.65
 10.15
 27.42
 45.99
 76.75
 62.84
 87.32
 22.22
 13.39
 12.48
 16.09
 61.74
 10.42
 25.63
 20.04
 44.90
 22.29
 32.36
 30.21
 58.06
 19.68
 10.52
 12.40
 23.84
 16.59
 15.03
 83.68
 16.89
 31.29
120.69
 14.21
 15.15
 14.17
 29.73
 93.28
 10.91
 18.12
 50.01
 25.22
 44.16
 25.37
 53.07
 14.41
 19.29
104.70
 48.96
 46.07
 72.86
 11.05
 12.22
113.09
 25.01
 45.15
 22.92
 47.77
 20.95
 15.64
 26.15
 16.13
 80.20
 32.08
182.40
 15.73
 13.83
 22.35
 32.85
 35.37
 32.67
163.69
 10.15
 13.78
 11.35
 15.13
 78.38
 11.98
 49.43
 57.46
 20.09
 16.61
132.56
 20.37
 98.12
 13.98
 10.39
 21.35
 53.23
 19.04
 32.33
 16.86
 19.46
 19.12
 16.06
 10.06
 11.27
 43.20
 36.90
 19.24
 16.07
 32.65
 21.88
 36.50
 41.84
 23.61
121.23
161.60
 12.58
 51.44
 16.27
 51.11
 19.21
159.73
 26.04
132.05
 13.81
 91.93
 12.77
 46.03
 23.79
135.87
 57.31
 51.65
165.03
 24.43
 12.70
 20.98
 19.31
 30.14
 23.49
 10.19
 12.76
 27.42
 19.50
 16.03
 13.17
 19.41
 13.61
122.16
 16.42
 13.81
 13.34
 14.25
 71.35
 10.47
 14.02
 24.13
 11.90
 17.40
 27.48
 10.58
 26.20
 10.33
 28.51
 21.67
 19.21
 56.21
 17.06
 13.68
 16.32
 17.22
171.86
 65.58
 30.45
157.55
 17.62
 48.64
 14.25
 43.95
 18.82
 12.86
163.11
 10.49
 54.49
 23.84
 45.69
 16.87
 14.83
 45.06
 11.53
 28.85
 56.42
 18.40
 25.11
173.28
101.72
 12.68
 48.17
 12.92
 42.30
 16.86
 10.03
 21.36
 21.10
 28.07
 29.08
 17.13
 34.65
 73.51
 19.90
 11.38
 42.56
 10.85
 12.85
 77.88
 39.82
 70.99
 78.30
 63.41
 53.13
 12.21
 13.95
 21.34
 19.50
 11.32
 71.69
119.53
 12.19
 12.21
 12.68
 13.02
144.51
 10.64
 11.65
 74.63
 14.74
 15.11
 46.01
 10.20
 12.27
 20.34
 37.97
 10.98
 12.92
119.59
 11.45
 11.37
 10.38
 10.95
 11.36
 37.81
 30.75
 15.99
 18.11
 11.19
 62.72
 12.38
 22.57
 16.99
 16.31
 21.35
 75.09
 10.44
 33.71
178.08
 24.29
 43.52
116.76
 10.54
 17.31
 14.26
 25.18
 48.65
 17.19
 11.05
 12.96
 39.80
 39.95
110.20
 15.34
 13.99
 17.65
 29.38
 45.09
 21.44
 38.17
 88.30
153.83
 10.22
 29.95
 28.78
 24.67
 61.63
 13.13
 11.01
 80.62
144.92
 14.96
 40.66
 65.10
 94.94
 12.47
 13.14
 21.88
 16.28
 36.13
 39.21
154.55
 18.29
 16.97
 20.88
 16.92
 87.65
 17.72
 20.25
170.71
 23.10
 25.22
 39.49
 18.70
 17.16
 29.92
 60.62
 14.17
 10.17
 15.08
 30.10
 43.64
 21.90
 36.09
 22.60
 48.29
 13.12
 46.67
 64.90
 20.49
 26.42
 26.27
 41.67
 12.86
 62.11
137.49
 15.42
 40.16
 23.75
 21.01
 13.78
 19.74
 11.11
 30.93
 28.12
 22.98
 45.24
 47.00
187.09
 43.53
 14.96
 10.35
 32.94
 10.29
 12.02
 23.28
 29.01
 12.15
 12.27
 27.30
 33.99
 71.67
 15.42
 75.05
 34.08
 46.10
 30.95
 12.34
 10.16
 52.32
 27.64
 20.97
 21.03
 25.48
 19.05
 24.46
 21.77
 30.78
 10.51
 12.41
 63.44
 14.38
 28.27
 21.54
 17.66
 10.07
 20.71
 10.89
 28.28
 19.77
 20.74
 18.53
 11.03
 14.36
 26.25
163.04
 88.52
 23.73
121.09
 81.79
 23.73
 51.35
 23.08
 37.55
 10.95
 71.50
 38.16
188.86
 32.16
 19.46
188.37
 30.00
 32.52
158.37
123.85
 18.67
 18.59
 24.37
 10.04
 26.07
 11.08
 13.85
 16.63
 13.78
 28.08
 56.06
118.92
 26.28
 34.96
 58.69
 23.46
 10.46
 55.24
 13.52
 46.45
 46.16
 11.02
158.87
 10.45
 55.37
 37.37
 10.19
 55.15
 12.01
 90.91
 28.95
141.78
 14.17
 19.30
 10.62
 39.45
 13.31
 13.02
 24.92
 16.92
 13.39
 95.36
 83.31
 12.50
 43.32
 19.66
 31.42
 69.98
 21.83
 60.80
106.53
 35.10
 18.14
 25.41
 14.45
 10.62
 20.74
 82.19
 10.17
 11.79
 22.39
 10.87
 18.77
 27.40
 18.03
 81.61
 28.51
163.11
 17.42
 43.29
 19.58
 20.51
 38.11
 10.56
 20.29
 39.44
 60.65
 12.38
 19.07
 21.41
 12.32
 80.24
 44.13
 18.71
 10.53
 32.41
 24.57
101.88
187.23
 51.59
 79.75
121.72
 10.68
 24.59
 44.01
 12.26
 11.16
148.06
 16.10
160.73
 24.07
 15.21
 42.26
 12.92
 17.89
 68.49
 31.78
 10.08
 82.48
 18.64
 75.55
 59.60
128.14
150.08
151.93
 23.26
 15.90
 11.41
 16.23
 17.12
 13.00
 13.95
 15.64
112.35
 46.51
 53.32
 14.90
 12.51
 25.78
 14.17
 74.73
 10.49
 13.62
 66.43
161.25
144.22
 10.24
 57.87
 20.43
 24.22
 71.63
 11.14
 11.09
 79.68
 23.85
 14.93
183.78
106.66
 10.68
 12.93
141.62
 21.88
 37.82
 95.21
 16.12
 13.31
160.45
 21.31
 61.37
 68.57
163.73
 16.69
 12.43
 12.42
 11.23
 27.88
 11.72
 11.58
 31.58
 41.90
 23.58
 56.83
 59.35
 13.48
 59.98
 14.24
108.00
 26.02
 26.06
 86.99
 23.67
122.95
 36.50
 51.19
 17.00
 40.71
 13.43
176.19
 17.20
 14.73
 14.28
 15.47
 20.12
 84.05
 21.69
 60.88
155.01
 34.87
 37.51
 13.62
 57.85
 11.86
 28.35
 35.91
 17.23
 15.78
 96.79
 20.54
 26.45
 72.81
 11.64
 75.02
100.42
 71.56
 28.03
 42.23
 28.60
 84.08
 46.34
 32.86
 23.58
 72.44
153.13
 14.20
 10.76
 34.60
108.30
 14.65
 38.55
 17.19
 18.11
 16.46
156.10
146.75
 82.98
 24.46
 14.12
150.69
 15.26
 19.23
 16.11
 54.40
 82.60
 69.07
 81.43
 29.04
 10.88
 10.63
 79.16
165.18
 24.30
101.95
 29.30
 14.15
 43.00
 18.17
 68.51
 21.81
 72.73
 37.46
124.44
 15.33
 14.10
 18.10
123.78
 11.79
 29.78
 15.77
 25.99
 10.57
 53.46
 22.58
 10.29
 93.79
 23.68
167.60
 88.92
137.79
 18.24
 13.00
 25.18
137.90
 33.04
121.79
 33.09
 10.20
 28.97
 15.21
 23.06
 21.43
 21.37
 29.04
 24.23
 16.78
 38.47
 72.90
 39.84
 10.39
 16.45
 28.51
 12.65
 16.19
 10.78
 10.10
 10.72
 11.58
 18.69
 10.62
 10.12
 17.05
 14.42
 20.63
 47.80
 10.19
 40.05
 18.94
 10.53
 21.07
 33.21
 10.51
 11.19
 11.51
 13.05
 20.44
180.21
 70.57
 18.83
 68.91
 17.55
121.73
 70.13
 10.05
146.29
 10.90
 10.89
 25.28
 16.06
 12.18
 13.39
 47.21
 34.57
 51.59
 18.43
 11.06
 26.45
 52.32
 14.09
 19.55
 42.29
110.61
 17.63
 15.67
 26.62
 14.81
 23.28
100.01
 10.85
 15.74
 49.43
 10.99
 60.01
 20.67
 12.55
 43.99
 15.20
 58.43
 46.37
 34.47
 10.11
 13.30
 64.63
133.51
186.27
 36.39
 18.95
 19.29
 21.08
100.82
 24.35
 25.38
 53.01
 90.95
 10.82
 56.52
 44.94
 20.29
 34.46
 32.79
 49.23
 20.57
 13.17
 38.68
 76.05
 13.39
163.57
 74.91
 62.27
 15.86
 14.10
 32.35
 12.48
 13.18
 29.68
 45.18
 34.75
 98.52
 15.35
 36.64
 16.82
 81.92
 26.90
194.36
 17.24
 43.43
 20.33
 95.27
 17.07
 40.44
 40.03
 10.61
 49.46
 45.38
 22.33
 11.81
 12.91
149.43
103.60
 60.89
 10.21
 55.44
 19.28
 16.64
 58.70
 21.08
 86.89
 35.82
 14.34
172.06
 37.65
103.95
 12.39
 86.40
 24.61
 15.98
 19.84
 13.68
 70.10
 27.06
 56.74
 15.09
 42.81
 11.73
 40.24
 33.83
 17.36
 86.34
 20.51
 35.01
 12.72
 81.67
151.30
 56.36
 15.08
140.94
 97.45
189.19
 23.87
 28.81
 53.84
 23.66
 10.07
 57.45
 16.29
 16.81
 23.21
 32.36
 66.22
 34.84
 88.23
 30.45
 25.52
 18.33
 36.90
 22.95
 18.69
 16.04
 19.70
 12.59
 21.78
 52.89
 10.12
 20.57
 23.81
121.25
 64.74
 14.43
 79.35
 21.00
 62.38
 21.43
 39.56
 29.52
 26.16
 61.00
 18.64
 16.36
 25.24
 13.92
 10.83
 10.53
174.74
 72.87
157.47
 51.74
 18.66
 19.01
 29.79
 50.89
 30.51
 11.68
 12.73
 21.05
 27.90
 12.19
 76.09
 11.71
 18.54
 37.91
 23.98
 74.73
142.74
 25.00
 78.87
 46.32
 28.23
 51.72
 56.04
 15.44
 29.65
 58.11
 27.89
 15.71
 78.58
 57.54
 13.13
 11.45
 54.86
 27.08
133.00
 15.08
 45.26
 11.35
 11.71
 16.17
178.69
142.83
160.45
 13.27
 12.64
 42.34
 10.63
 22.15
 36.56
 11.86
 15.16
 12.05
 19.91
 36.80
 12.76
 26.56
 16.60
 14.09
 17.23
 42.22
 54.26
 38.54
 13.24
 95.92
 39.65
 20.30
 18.10
 73.94
 19.82
 14.83
 10.34
 13.79
136.56
 18.29
 56.82
 35.97
 17.57
 70.66
117.01
 50.49
 30.46
 90.24
194.37
 64.60
 29.25
 14.26
 44.97
 10.22
 27.20
 59.07
 24.35
 12.71
122.05
 23.39
 85.90
 19.69
 17.74
 16.22
 23.98
 12.06
108.30
 16.17
 66.87
 11.39
 12.14
 14.48
 14.89
 17.72
 16.09
 46.06
 15.51
 96.83
 11.57
118.76
 94.93
 13.09
 19.91
 13.89
 12.09
 25.26
 13.77
 16.96
 66.44
 10.45
 24.42
 34.45
 40.07
 11.84
 26.64
 44.26
 13.77
104.33
 90.50
 18.91
 68.93
 47.00
 10.57
 20.05
 20.94
 20.34
 91.48
 21.65
 35.33
 11.59
108.93
 19.29
 47.79
 11.38
 13.15
 28.62
 58.02
 36.20
 21.61
 14.98
 15.26
 37.61
 20.47
 41.07
 19.13
 49.95
 18.18
 99.12
 35.58
 34.97
 14.08
 15.86
 14.26
169.40
 27.93
 26.06
 13.85
 75.71
 10.60
195.42
 43.51
 27.35
 50.69
 12.14
 13.44
 25.45
 14.20
 80.77
 63.71
 58.08
124.78
 32.00
 58.87
 16.98
 11.27
 46.81
 10.25
 31.99
 48.94
 15.82
 17.48
 97.26
 10.14
 41.65
 10.45
 10.84
 16.41
126.83
 18.85
 78.52
 12.60
 14.59
110.52
 26.81
 32.72
 30.78
 10.93
103.04
 20.50
 14.98
189.30
 37.23
 21.30
 10.11
 15.48
 47.23
 15.34
 22.12
 58.83
126.06
 20.33
 18.03
 31.20
 12.99
116.07
 11.01
 10.17
140.91
 12.10
 84.88
 43.72
 67.79
 40.25
 40.31
 23.64
 15.37
 14.96
 16.44
 14.46
 37.00
156.00
 17.53
 12.33
 10.82
 10.50
 16.44
 37.40
 45.77
 20.75
144.53
 56.27
 22.77
180.98
 17.33
167.54
 10.64
 10.57
 18.74
 28.33
 32.88
 12.14
 18.88
110.54
 97.87
 10.54
 28.66
 18.46
 34.53
 47.26
 27.45
 17.13
 50.78
 18.76
 66.98
 23.51
 67.16
167.97
 17.28
 27.21
 49.01
 11.28
 10.58
 25.56
 28.22
 21.82
 17.22
 15.31
 12.36
 36.31
108.43
 71.87
 29.09
 26.49
 45.93
 10.44
 20.18
 13.15
 11.21
 13.64
 13.61
 12.63
 67.42
 71.66
 85.76
 90.16
 27.83
 26.40
114.86
111.11
 46.24
 73.26
 49.16
 10.03
 63.22
 25.51
 37.33
 12.87
 12.03
 45.35
 14.55
 13.84
 27.18
 16.84
 60.44
 33.15
162.78
 33.60
 12.92
 15.79
 22.11
 13.75
150.45
 11.10
141.62
 12.51
 18.91
 96.08
111.98
 37.49
114.90
 15.09
158.82
 74.15
 10.83
 40.46
 16.22
 17.18
 35.14
 25.30
105.72
 17.86
 24.15
 15.36
115.88
 20.88
 11.27
132.21
 16.52
 67.55
 14.44
 29.90
 28.47
 14.67
 21.76
 58.43
119.97
 10.82
 19.46
 71.04
 80.29
 30.57
 57.50
 13.84
 19.32
 10.12
 11.10
 24.27
 56.57
 21.76
 37.09
 10.22
 27.62
 14.03
 15.82
 29.61
 58.79
 93.59
 42.35
 75.82
 29.22
 58.71
 12.16
 16.43
 18.12
 10.69
 45.72
 11.11
 73.69
 34.01
 11.93
 14.70
 14.05
 57.28
 11.81
 24.88
 32.39
 11.72
 30.05
 37.63
 42.80
 43.43
 82.84
 33.68
 13.65
 10.23
 14.70
 17.43
 18.13
 92.98
 29.62
 42.13
 34.53
 33.10
 15.69
111.35
 32.47
 46.60
164.33
 13.96
 60.23
 11.52
 24.19
 38.86
195.68
121.54
 21.19
 20.21
 25.91
 23.96
 15.39
 13.23
 60.67
138.53
 23.74
 13.26
 11.48
 12.69
 19.27
 36.66
 17.63
 11.17
 12.10
 31.44
 10.58
 12.51
 58.46
 16.60
 31.87
178.73
 21.48
178.76
 90.50
 21.04
 20.66
 10.34
 15.72
 32.85
101.70
 26.12
 11.32
 20.06
 10.21
 27.02
 28.59
 18.77
 11.85
 12.21
 23.85
 22.63
 32.36
 57.48
 10.58
 11.19
 12.93
 54.64
 17.32
 74.21
 10.94
 13.18
 84.14
 46.94
 14.00
 13.79
 37.57
 99.68
 10.29
 89.81
 15.45
 36.87
 93.84
 33.31
 42.37
 49.04
 11.55
 17.87
 32.15
 12.34
 14.09
 29.85
 10.55
 23.50
 22.55
 55.78
 63.98
 49.19
 34.89
 13.04
 10.62
 10.87
 18.10
 39.75
 26.21
114.39
 11.86
110.17
 28.50
 44.81
 19.08
 12.38
167.82
184.14
 12.04
 26.41
129.83
 21.80
100.39
 26.31
 11.18
 17.34
 16.95
113.77
 17.79
 81.59
 44.44
 20.62
 31.42
 12.86
 15.20
 13.30
 19.86
 29.71
 15.98
128.05
 45.70
169.79
 32.04
 17.36
159.12
 17.03
 63.28
 25.52
 14.34
 11.73
 10.49
 13.35
 80.31
115.15
 44.20
116.18
 17.86
 18.65
 51.99
 13.66
 13.64
 13.41
 15.92
 10.61
 25.58
 11.19
 11.85
 17.20
 67.94
 15.58
 19.46
 14.48
 10.29
 71.20
 44.29
 65.62
 18.71
 21.00
 31.35
189.33
 67.46
 14.78
 27.38
 24.41
159.61
 34.24
 55.52
 16.24
 12.70
196.68
 13.63
 42.82
 23.92
 24.54
 33.06
 17.63
 27.37
 17.75
 12.50
 31.95
 78.10
 11.82
 27.80
 13.84
 10.95
 21.14
 10.83
 41.54
 17.17
 40.28
 34.54
 14.70
 11.97
 25.34
 25.02
 36.46
 23.67
 45.53
 66.09
 22.37
 74.14
 17.78
 26.10
 19.17
 14.52
 37.11
 32.40
 68.58
 16.24
 19.92
 50.19
 22.41
 18.64
 10.83
 58.81
 41.43
 26.28
 12.16
 61.56
 22.81
 11.39
 39.88
 59.22
 12.49
 49.55
 16.59
 11.52
 32.62
 19.24
 10.59
 18.61
 40.63
 13.00
 62.08
 33.06
 47.80
 14.76
 10.24
 17.03
 74.77
 21.48
 24.98
 62.33
 75.99
 43.76
 13.23
 45.49
 12.73
 14.58
 25.01
 51.75
158.90
 12.94
 40.15
 11.48
 10.17
 50.31
 14.10
 60.90
 11.25
 85.67
 13.23
 11.72
 22.60
 26.49
 10.50
 98.93
 53.91
 36.63
151.56
106.20
 27.60
 86.23
 10.11
 53.30
 12.69
 79.26
 27.90
 23.94
 74.40
 25.75
 20.74
 16.73
 25.39
 25.48
 27.24
 10.45
 28.32
 10.76
 10.15
105.61
 11.40
165.68
 48.33
 10.21
 21.18
 13.12
 24.95
 76.97
 27.04
 26.66
 86.40
 19.79
 90.80
 17.95
 24.37
 15.08
 17.30
 53.83
 26.42
171.21
 29.29
 13.91
 10.70
 27.52
 18.16
 12.32
 12.82
 82.30
 99.72
 82.78
 16.87
 11.06
 10.14
121.28
 10.49
 35.44
 12.25
 16.48
 12.40
 31.20
 34.46
146.29
 13.65
 56.74
 24.98
 12.53
 63.85
 10.24
 39.35
 81.37
 76.11
 84.16
 17.79
 13.89
 14.33
 62.04
 46.39
 24.75
 13.51
 11.13
 19.88
 23.02
 20.79
 15.71
 10.99
 23.49
 34.34
 14.49
140.80
 10.57
 33.53
 23.99
 28.26
 14.10
 38.38
 19.07
 30.72
 12.42
 17.22
 13.38
 26.67
182.68
 22.21
 20.36
 50.53
 21.50
 95.11
 11.76
 10.06
 25.56
 11.73
137.43
 10.36
 53.09
 71.51
 10.11
 20.24
 10.79
 14.17
147.60
 40.41
 36.90
 29.90
 40.54
 97.16
 81.30
 57.43
 12.71
111.90
 27.18
131.56
 15.89
 17.10
 76.98
105.08
143.63
 16.22
 10.11
 24.23
 29.08
 80.12
 51.49
 10.66
 34.59
 10.79
 83.13
 10.73
 15.38
 16.10
 17.27
 23.79
 74.63
 35.34
 28.77
 72.85
 10.62
 17.07
 11.85
 15.19
 77.41
 29.63
 27.93
 48.53
 23.18
 38.15
 57.21
 66.51
 20.46
 16.37
 16.10
 15.90
 55.45
 35.38
 40.66
 95.81
 18.34
 28.15
 10.63
 11.98
 34.74
 15.29
109.02
 16.67
151.86
 15.82
 24.97
 23.63
114.57
 22.59
 11.08
 96.27
 13.14
 10.26
 32.24
112.33
 23.19
 13.17
142.37
 64.01
 94.03
 33.75
 25.27
 32.45
 66.45
 17.69
 21.96
 14.15
 34.37
 51.36
 13.60
 44.51
 21.27
113.50
 59.33
194.24
 35.70
 21.78
125.14
 41.41
 20.28
 10.23
 54.78
 90.55
 20.71
 44.24
 10.41
 83.27
 20.87
 50.93
 19.29
 12.88
 77.91
154.70
 17.45
 11.71
 13.98
 28.84
 35.13
 13.46
 11.13
112.40
 72.48
 10.95
 14.45
 10.81
 15.23
 10.72
 26.49
 92.17
 10.40
 14.89
 11.29
 43.81
 12.35
 77.22
 50.50
 25.89
 17.38
 29.19
 12.87
 15.89
 55.69
151.03
159.11
 10.71
143.34
 16.98
 11.07
 49.41
 16.12
 10.66
 10.23
 50.22
 30.63
 20.45
 26.30
 65.00
 18.27
165.83
 13.97
 11.07
 12.14
 26.73
 22.87
 17.10
 34.49
 16.62
 16.97
 10.87
111.05
115.25
 41.53
 10.94
 18.97
129.28
 54.27
 15.23
116.42
 43.29
 11.76
 23.69
 70.67
 18.16
 37.21
 18.81
 19.94
 14.22
153.97
108.09
 10.05
 32.97
 47.11
 12.54
 20.75
138.44
 40.56
 38.92
 17.06
 11.47
 51.61
 87.50
 57.90
 11.18
 52.16
 88.18
 61.53
 14.09
 44.50
 20.39
 10.55
 12.62
 10.55
 20.28
 16.44
 54.98
 23.76
 56.96
 41.52
 25.09
 56.32
 22.28
 23.57
 21.72
 19.00
 42.37
 16.60
 44.76
 11.01
124.31
118.02
 63.24
149.71
 33.59
 18.35
 14.06
 18.61
 16.67
 55.11
 12.62
 12.00
 48.18
 84.52
 28.59
 13.41
 10.08
 31.16
 33.68
 80.64
151.90
 12.39
 22.09
 71.01
 76.67
 74.98
 15.07
 27.42
 13.58
 34.86
 10.20
 19.76
 26.78
 16.00
 15.34
 10.88
 15.76
 10.50
 16.22
 13.37
 15.58
 14.19
 17.29
 66.91
 82.60
 29.90
 17.68
 12.16
 17.88
169.15
 23.17
 66.85
 10.70
 12.87
 17.32
 13.98
 15.55
 10.76
 10.02
193.19
 12.62
 40.24
 52.89
 19.77
 13.44
176.76
111.10
 13.01
 14.52
 11.40
 29.04
 13.03
 49.03
 21.73
 17.50
 54.51
 14.79
 88.28
 15.78
 14.18
 15.05
 37.53
 18.31
 12.98
 11.13
 12.33
115.74
 12.50
 24.00
 14.76
 25.88
 26.39
 66.59
 50.44
 36.01
 15.30
191.94
 13.42
 28.00
 21.47
 46.48
 23.70
 12.23
 52.81
 22.99
 16.19
 77.73
138.52
 11.38
 11.51
 25.79
 43.99
107.79
 30.51
 17.23
 28.84
 11.48
 13.84
 63.15
 20.70
 10.09
 11.86
 65.82
 12.24
 31.40
 12.50
186.45
 20.10
 13.13
127.35
 10.72
 12.46
 64.61
 14.23
 14.60
 71.42
 12.62
 65.57
 10.49
 14.40
 12.16
 24.53
132.32
 12.70
 10.70
106.01
 17.82
 36.28
 24.51
 26.59
 18.09
 12.57
169.25
 15.56
 16.71
 10.37
 23.56
 22.88
 52.92
115.63
 12.39
 13.55
 20.14
 21.86
 37.84
 18.42
 51.92
 25.17
 46.71
 41.14
 54.91
154.20
 23.54
 14.32
 22.69
 19.48
 15.61
158.43
 20.03
 54.50
161.31
 76.68
178.77
 17.02
 40.07
162.61
 96.98
 61.20
 37.45
 12.67
 13.44
 10.71
 13.64
 33.62
 17.05
 19.41
 23.53
 89.79
 40.69
 11.77
 15.55
 36.17
 11.50
 11.90
 49.86
 13.68
 46.90
 30.75
127.03
136.59
 20.44
 13.25
 35.61
 22.74
 82.14
 23.75
 31.44
 39.47
 17.96
 53.68
 10.09
199.78
 52.94
 96.85
 91.41
 17.44
 14.64
 50.27
 75.84
131.64
111.45
 29.15
 26.77
 15.12
156.35
 66.55
 21.97
 13.34
 52.39
 21.02
 15.25
 19.54
 15.26
 70.00
 21.54
 22.16
 39.69
 92.34
 65.81
 70.85
 53.99
 14.27
 11.09
 83.00
 11.19
 41.17
 20.25
 29.69
 22.64
 66.21
 10.87
 19.70
 11.38
 10.78
 19.91
 12.60
107.11
 12.15
 23.34
 47.71
 12.76
 19.75
 21.48
 81.93
 16.61
 60.48
 15.09
 25.76
 21.25
 66.44
 22.79
 44.30
 72.76
 64.83
 28.46
 19.63
122.34
 80.48
 37.37
 23.99
119.67
173.78
 14.83
 12.21
110.80
 41.81
 11.29
 62.35
 19.00
 21.67
145.52
 11.00
 19.48
 19.60
 37.84
 37.05
 87.63
 69.65
 53.80
 16.65
 10.50
 16.34
 10.83
 17.08
 19.20
 83.89
 10.27
 11.73
188.04
 43.30
 34.86
 13.88
 48.05
 11.78
 12.93
143.18
 40.39
 67.90
 27.50
 50.44
 11.65
 12.03
 78.77
168.12
 26.31
 51.41
 10.02
 19.00
 38.60
 11.51
 57.71
 10.19
 26.66
 20.26
105.82
 10.58
 64.69
 11.13
 75.24
 29.86
 10.69
 11.19
127.46
 64.61
 10.89
 39.38
 44.30
 33.31
 18.06
122.55
 10.73
 72.61
 17.20
 14.02
 20.36
 15.19
180.85
120.73
110.59
 13.78
 61.85
 62.74
 11.36
 14.83
 11.60
134.61
 36.64
 17.84
 19.52
 48.58
 28.61
 10.13
127.21
 16.95
 17.88
 49.70
 19.89
151.67
 55.47
 45.45
145.98
 34.66
 27.23
196.31
 28.05
113.91
155.93
 12.34
 36.72
 28.63
 19.93
 19.17
 58.86
 72.55
 13.00
 58.42
 98.09
 26.00
 21.13
 18.33
148.28
 16.62
 21.94
172.82
 59.16
 10.22
 15.08
 19.67
 25.34
 36.66
 81.11
 75.21
 21.19
 35.50
 10.82
 21.99
 11.55
 21.50
 22.33
 35.07
 83.37
 21.18
 12.73
 69.44
 16.40
 18.13
 25.94
 20.58
 11.48
129.04
 12.50
 29.27
 21.66
 22.85
 13.43
 31.69
 43.67
 15.07
 14.77
 41.12
 13.20
 17.45
 18.08
 34.43
105.45
 11.85
 89.62
 65.92
 73.83
 19.23
 29.81
 19.87
 20.39
 26.00
198.71
 10.47
 60.29
 91.07
 13.57
 55.83
177.18
 12.84
 50.76
 45.79
 19.57
 25.99
 83.19
 54.38
 15.22
 14.46
 57.27
 65.82
 17.44
 35.20
 34.92
 25.80
 17.15
 46.70
 63.96
131.40
 13.12
 17.29
 71.68
 38.94
 10.69
 17.66
 13.21
 11.49
 12.63
 35.48
 23.32
 55.98
 13.23
 14.44
 12.22
 43.91
 56.21
 31.25
 47.05
 93.97
 21.27
 24.16
 32.84
 10.06
182.51
 20.56
 16.89
 14.87
 17.66
 26.63
 58.19
 12.54
 13.13
 13.35
 44.52
 33.26
 47.39
 10.26
 29.52
 26.89
 28.05
 18.73
 42.89
100.44
 17.76
 19.71
 56.14
 27.22
 45.22
 11.68
 18.19
 81.58
 18.68
 29.92
 27.80
 11.13
 11.19
 21.87
 40.16
 34.29
160.90
 11.68
 45.56
 80.41
 84.16
 46.76
 11.67
 31.79
 23.63
 30.04
 35.46
 60.52
 18.80
 14.36
 39.00
 62.57
 10.04
 10.84
 68.81
 68.02
 29.06
 24.04
 25.57
 54.09
 24.62
 83.99
 63.84
 38.70
 11.95
 12.64
 17.42
 46.69
 49.07
131.68
 87.22
 22.19
 12.22
 24.16
 11.13
 64.09
 13.40
 35.97
108.70
 12.67
 28.43
133.74
 12.65
123.79
 23.21
 67.11
 20.96
 15.69
 11.22
177.49
 93.97
 31.97
 12.75
 11.98
 50.64
 27.02
 24.12
 52.92
 86.51
 16.17
 51.00
 42.23
 18.96
 85.25
 38.13
 33.53
 16.08
 37.90
 12.14
 44.21
 20.61
104.06
 11.44
 24.12
 12.05
 38.63
 12.28
 23.00
 27.93
 28.69
 15.37
 14.67
 16.53
 97.86
 62.71
 16.07
 17.51
 33.98
 12.20
 51.50
161.25
 20.53
 13.55
 21.17
 34.47
 16.34
 20.96
 14.05
 25.73
 98.84
 22.90
 84.20
 12.10
 37.62
 16.93
 26.09
 19.86
 11.30
 41.38
 13.86
 22.57
 74.55
 13.61
 48.38
 42.29
 10.64
 27.60
 55.97
 51.54
 13.52
 62.95
 26.61
109.27
 18.36
 12.11
171.24
145.15
 62.69
 56.39
 33.08
125.89
 13.09
 10.47
 63.14
 49.61
 39.37
 46.30
 21.66
183.53
 32.85
 17.52
 54.76
128.83
 36.77
 29.13
 92.68
 14.94
 62.58
 17.62
 28.67
 10.77
 16.39
146.52
 28.82
 14.07
192.56
 10.41
 69.33
 13.37
 19.24
110.92
 33.34
 87.35
 27.31
 26.06
163.01
 28.81
 10.06
 40.37
 13.69
 24.19
 54.67
 10.84
 15.14
 26.63
 66.37
 26.38
 11.22
 29.47
164.30
 10.41
 16.61
 23.65
 45.79
 35.12
196.35
 96.71
 65.69
 96.78
 10.20
 22.47
 33.00
 92.77
 29.12
147.71
 35.96
 20.83
195.00
183.00
 43.55
 35.16
 13.75
 13.01
 57.53
 71.67
 36.60
 14.65
 13.64
 77.14
 38.28
 30.24
 51.72
 15.84
 18.27
 11.65
 10.60
 46.74
 43.94
 10.93
 29.14
134.27
 34.92
 10.33
 11.95
 24.52
 16.68
 16.10
 34.76
104.00
 21.14
 23.08
 13.05
 40.10
 23.55
 48.25
 82.25
 34.42
159.13
 16.69
 61.93
 69.98
 97.27
 55.12
 11.35
 67.59
 55.03
131.46
185.60
 36.00
 77.47
 14.50
 66.08
 14.87
 11.15
 13.26
 46.47
 21.86
 10.60
 26.46
 24.84
 22.84
 25.70
 18.47
 97.01
107.79
 17.44
 11.39
 10.02
 25.64
 59.50
 10.18
 16.77
 11.22
 14.51
 88.61
 40.05
 30.28
 36.40
 13.02
 40.00
 12.63
 10.12
143.11
 10.30
 24.46
 50.38
 86.85
 11.38
 20.38
196.28
 14.95
 51.69
 53.45
 22.07
 49.47
 26.54
 41.94
 11.21
 12.45
 14.94
 13.86
 96.54
 10.17
 44.74
 13.09
 12.21
 10.03
 13.45
 48.67
 27.33
 35.95
 72.86
 71.33
138.65
 10.75
 24.09
 43.89
 29.94
 12.49
 12.26
 23.95
 15.44
 92.22
 11.50
 46.98
 11.58
 13.61
104.57
 42.58
 19.00
 15.89
121.73
 13.54
 17.45
102.28
 21.33
 15.23
 93.58
 27.14
 16.88
 31.57
 12.32
 37.68
 28.15
 75.91
 11.26
 13.87
 44.23
 31.32
 18.90
 12.40
 18.84
 10.69
 19.19
 18.49
 14.31
 13.98
 12.92
124.09
 15.18
 45.45
 14.23
105.17
 20.58
 18.83
 12.09
 13.07
 13.79
 21.15
 16.85
 22.55
 18.29
 22.47
 26.04
 18.08
 11.41
 10.23
 39.67
 17.04
 22.08
 18.79
 13.79
 18.01
 13.27
 13.26
 18.52
 15.52
 17.49
 13.47
 10.82
 47.65
 73.47
110.02
 19.62
 85.61
 10.96
 40.39
 66.74
 16.02
 55.06
 16.54
 15.28
 47.77
 10.15
 31.97
 42.97
 63.17
 16.91
118.48
 96.42
 63.59
 13.37
 30.78
 25.63
133.16
143.18
 60.68
 97.96
 14.70
 29.22
 11.97
 35.56
 12.11
 88.31
 72.60
 15.38
 28.05
 56.29
 19.74
 44.60
 23.34
 23.36
 21.18
 20.20
 18.06
103.10
 72.02
133.12
 65.22
 16.83
139.51
 49.19
 17.97
 20.71
 11.17
160.96
 52.76
 16.57
 51.13
 20.94
 30.43
 90.04
 38.21
136.33
 15.91
 12.82
 23.06
 16.08
 19.16
 13.71
 14.83
 19.10
 11.91
 22.92
 13.77
 45.23
155.02
162.44
 54.14
 51.28
 12.15
 15.27
 22.91
 52.90
135.84
 10.00
 10.59
 11.09
 12.86
 13.15
 56.22
 12.26
 25.78
 18.70
 12.28
 12.06
 81.55
 75.92
 33.95
 12.82
 28.88
 16.61
 50.46
 12.93
 29.72
 16.28
 17.65
 20.23
 78.47
118.05
148.10
 11.40
 25.71
 10.46
 52.73
 35.19
 20.58
 32.23
 12.99
 13.89
 31.78
 73.02
 18.07
 27.73
 10.95
 20.56
 24.06
 43.24
 39.71
 99.17
 13.57
 13.22
 14.48
 90.42
 24.54
 37.72
 25.63
115.80
 28.99
 47.64
148.80
 12.68
 12.54
 84.02
 48.08
 50.61
 26.28
 11.48
 11.31
 24.10
 13.22
 18.43
 23.90
 12.76
 15.84
 10.54
 10.20
 10.77
 73.78
 26.18
 12.84
 20.47
 17.77
 45.47
 20.44
 77.10
 95.06
 21.85
 26.44
 27.04
124.88
 17.86
 29.96
 14.01
 50.04
 11.32
 28.05
 37.22
 56.38
 11.04
 32.75
 76.41
 16.40
 63.46
 10.98
126.09
 18.12
 11.78
 78.66
 24.77
 96.57
 35.38
 11.62
 49.89
 59.16
 14.52
 15.83
 24.41
 35.26
 20.32
 38.85
 11.54
 48.72
 11.22
 15.28
 30.35
 25.16
 29.87
 17.34
 15.12
 39.87
 18.38
 23.36
 19.72
 60.59
 15.65
 20.38
 94.24
 28.74
195.82
 15.44
 16.15
 32.51
 25.52
 12.78
 82.35
 30.80
 23.20
 82.32
 37.09
 14.26
 35.81
 14.77
 13.12
 10.20
 43.31
 38.02
 33.26
 56.40
 32.25
 14.61
 13.68
 10.14
 26.91
 46.79
 41.86
 17.48
 11.06
 20.19
 91.43
 27.83
 10.36
 12.40
 17.40
 27.78
 15.33
 17.75
 15.90
 42.23
 21.94
 27.47
 11.60
 11.20
 31.84
 27.01
 32.58
 10.66
 11.10
 18.03
 29.88
 64.74
 80.50
 24.69
113.81
 77.82
 12.18
 13.13
 19.68
 29.05
 10.92
 34.57
 36.83
 34.31
 18.18
 75.84
122.60
 20.04
 10.07
 14.37
 46.14
 37.32
 44.88
 17.66
 10.74
111.16
110.44
 52.20
 22.65
 23.09
 26.31
 15.68
 57.87
 17.74
 99.79
123.47
 54.67
 13.15
 31.09
 11.28
 14.91
 43.71
 51.37
 10.94
 20.70
117.11
 22.61
 12.48
 12.51
 11.73
 11.02
 10.51
186.41
 70.26
 11.63
 10.29
 50.71
 24.50
 11.48
 79.56
 24.49
 83.47
 14.93
 76.14
164.10
 21.91
 21.77
 25.08
 10.12
 98.34
 19.86
124.28
 14.02
 41.39
 11.10
 18.10
 18.06
 38.91
 55.01
 20.45
 11.04
 35.44
 10.49
 10.37
 21.19
 12.87
 21.99
 11.31
 13.32
 52.04
 11.44
 25.14
 41.63
108.62
 16.10
 15.85
 14.21
 17.58
119.77
 87.71
141.72
 25.08
 42.87
 12.90
197.52
 12.26
 27.07
 72.93
 11.82
 13.46
 64.35
 30.51
 17.22
 23.69
 18.08
 72.93
 20.35
 14.08
 12.93
 18.02
 32.59
 34.50
196.68
 10.34
 40.77
 13.33
 29.19
 11.32
 25.80
 12.80
 35.57
 16.23
 88.53
 21.61
 14.28
 52.22
 13.09
 51.64
 24.55
 30.75
 21.29
 66.65
 18.22
 35.78
 13.55
 22.95
 31.54
 13.55
 32.17
121.29
 25.82
 10.08
 57.63
 14.42
 28.16
 33.10
 55.70
148.02
 18.65
 13.75
 22.35
 16.07
125.42
 22.61
 59.96
 46.13
 43.05
 51.62
 12.76
 32.19
 10.69
 61.16
 13.54
 13.96
 43.20
 14.62
 10.05
 26.60
 22.92
 14.86
122.19
 32.14
 93.56
 16.10
 81.50
 10.68
 52.99
 37.98
 53.66
 11.85
 71.62
 10.70
 88.02
 26.58
 21.79
 11.62
 42.17
 10.96
142.82
 81.84
 30.85
 49.35
 79.86
 43.75
 18.78
 10.99
 60.39
 10.26
 41.92
 33.82
 20.91
 13.57
 96.29
 21.39
 63.40
 15.33
 10.55
 79.11
 15.90
166.10
 16.69
 17.16
126.39
 13.18
 10.25
 19.00
 19.67
119.81
 26.89
 73.09
 25.26
 10.78
 17.72
 39.75
 13.30
 10.50
 17.49
 14.35
 24.27
 93.04
 43.81
 11.52
 38.94
 14.29
 22.30
 32.06
 36.87
 24.67
 65.63
174.64
199.87
156.98
117.02
 24.54
 16.13
 47.05
 76.00
 20.50
 23.48
 14.71
 22.79
 10.01
 32.43
 13.02
 84.61
 11.41
 13.71
155.21
 13.66
 23.11
 13.77
 12.13
 12.46
 46.10
 12.20
 17.31
 38.72
 10.54
 20.86
 11.12
 26.06
 17.21
109.15
 66.20
 37.46
 22.41
 46.70
 19.15
 23.46
 23.89
 10.32
 12.58
 43.96
 38.86
 13.45
 31.38
 47.88
 10.08
185.68
 17.50
194.17
196.51
 25.61
101.33
 40.81
 24.12
 14.09
 17.53
105.10
 73.58
 13.04
 51.47
